p1 6.0 6.0 4.0 0.0 3.0 4.0 0.0 5.0 0.0 2.0 1.0 5.0 5.0 6.0 4.0 1.0 0.0 3.0 3.0 5.0 2.0 3.0 0.0 0.0 5.0 4.0 0.0 5.0 2.0 4.0 4.0 6.0 0.0 0.0 5.0 0.0 3.0 0.0 5.0 3.0 2.0 6.0 4.0 2.0 2.0 4.0 4.0 3.0
p2 1.0 5.0 2.0 1.0 3.0 5.0 3.0 0.0 2.0 1.0 1.0 3.0 2.0 3.0 4.0 3.0 3.0 5.0 1.0 4.0 3.0 2.0 5.0 1.0 3.0 4.0 3.0 2.0 4.0 2.0 4.0 3.0 6.0 3.0 1.0 5.0 0.0 0.0 2.0 2.0 1.0 6.0 1.0 0.0 0.0 3.0 6.0 2.0
p3 2.0 5.0 1.0 1.0 3.0 3.0 1.0 2.0 5.0 2.0 6.0 0.0 4.0 2.0 2.0 4.0 5.0 2.0 6.0 1.0 2.0 0.0 4.0 2.0 3.0 0.0 6.0 2.0 3.0 1.0 2.0 5.0 3.0 2.0 1.0 4.0 0.0 2.0 2.0 6.0 2.0 5.0 0.0 5.0 5.0 2.0 1.0 2.0
p4 0.0 4.0 3.0 2.0 3.0 1.0 2.0 2.0 6.0 6.0 2.0 4.0 2.0 3.0 1.0 0.0 3.0 3.0 1.0 5.0 1.0 2.0 5.0 4.0 2.0 1.0 3.0 1.0 1.0 0.0 3.0 3.0 1.0 0.0 1.0 6.0 3.0 3.0 2.0 0.0 0.0 4.0 1.0 0.0 1.0 0.0 1.0 6.0
p5 3.0 6.0 5.0 5.0 1.0 5.0 3.0 6.0 1.0 2.0 2.0 6.0 0.0 1.0 4.0 6.0 1.0 0.0 5.0 4.0 1.0 2.0 2.0 3.0 2.0 6.0 1.0 4.0 2.0 3.0 0.0 1.0 0.0 2.0 1.0 6.0 6.0 2.0 0.0 6.0 5.0 0.0 6.0 0.0 5.0 1.0 0.0 0.0
p6 5.0 2.0 4.0 5.0 4.0 4.0 0.0 0.0 4.0 5.0 6.0 3.0 2.0 0.0 3.0 6.0 2.0 5.0 6.0 2.0 3.0 0.0 0.0 0.0 2.0 1.0 0.0 2.0 5.0 2.0 5.0 1.0 6.0 6.0 3.0 5.0 1.0 2.0 1.0 5.0 3.0 5.0 6.0 6.0 2.0 1.0 4.0 1.0
p7 3.0 3.0 6.0 3.0 6.0 5.0 2.0 1.0 1.0 4.0 1.0 3.0 2.0 0.0 5.0 1.0 2.0 0.0 0.0 6.0 1.0 5.0 1.0 1.0 3.0 4.0 4.0 2.0 3.0 1.0 6.0 1.0 2.0 0.0 3.0 0.0 3.0 1.0 1.0 5.0 3.0 6.0 5.0 4.0 5.0 1.0 3.0 2.0
p8 3.0 4.0 5.0 1.0 2.0 4.0 6.0 1.0 0.0 4.0 4.0 3.0 0.0 2.0 3.0 2.0 1.0 0.0 1.0 4.0 4.0 2.0 0.0 4.0 4.0 0.0 5.0 1.0 0.0 2.0 6.0 1.0 0.0 5.0 1.0 4.0 5.0 3.0 2.0 6.0 3.0 1.0 4.0 5.0 6.0 2.0 4.0 3.0
p9 6.0 1.0 4.0 0.0 5.0 3.0 2.0 3.0 2.0 3.0 4.0 4.0 6.0 5.0 4.0 0.0 0.0 0.0 0.0 5.0 5.0 3.0 4.0 4.0 4.0 1.0 4.0 6.0 2.0 3.0 0.0 2.0 5.0 2.0 4.0 1.0 5.0 0.0 5.0 0.0 2.0 4.0 2.0 1.0 1.0 1.0 5.0 0.0
p10 5.0 3.0 2.0 5.0 4.0 6.0 2.0 0.0 2.0 2.0 3.0 1.0 6.0 1.0 0.0 0.0 2.0 4.0 0.0 0.0 2.0 0.0 5.0 0.0 6.0 2.0 3.0 2.0 1.0 3.0 6.0 2.0 6.0 0.0 1.0 2.0 2.0 1.0 3.0 5.0 6.0 0.0 0.0 0.0 0.0 0.0 6.0 2.0
p11 3.0 2.0 6.0 2.0 6.0 5.0 6.0 4.0 4.0 0.0 5.0 6.0 3.0 1.0 6.0 1.0 1.0 0.0 4.0 4.0 3.0 0.0 2.0 4.0 4.0 6.0 2.0 5.0 3.0 0.0 1.0 1.0 3.0 4.0 4.0 5.0 5.0 2.0 1.0 4.0 5.0 2.0 1.0 0.0 4.0 2.0 5.0 5.0
p12 0.0 3.0 3.0 4.0 1.0 1.0 4.0 5.0 4.0 6.0 6.0 5.0 0.0 0.0 6.0 3.0 6.0 3.0 2.0 4.0 0.0 6.0 1.0 0.0 6.0 3.0 0.0 1.0 2.0 0.0 2.0 5.0 0.0 0.0 5.0 2.0 5.0 1.0 2.0 5.0 2.0 5.0 2.0 3.0 6.0 5.0 0.0 2.0
p13 4.0 6.0 4.0 6.0 2.0 0.0 3.0 3.0 0.0 4.0 2.0 3.0 3.0 5.0 1.0 0.0 1.0 1.0 6.0 0.0 4.0 1.0 4.0 4.0 0.0 4.0 2.0 1.0 1.0 3.0 1.0 6.0 1.0 6.0 1.0 1.0 3.0 1.0 6.0 1.0 3.0 3.0 6.0 2.0 0.0 1.0 5.0 6.0
p14 5.0 6.0 5.0 5.0 3.0 2.0 2.0 3.0 2.0 1.0 5.0 4.0 3.0 1.0 1.0 4.0 3.0 0.0 1.0 2.0 5.0 3.0 3.0 0.0 4.0 5.0 1.0 5.0 2.0 1.0 1.0 4.0 1.0 2.0 5.0 1.0 1.0 5.0 6.0 5.0 3.0 5.0 0.0 5.0 3.0 0.0 0.0 6.0
p15 6.0 4.0 5.0 6.0 0.0 4.0 4.0 3.0 6.0 4.0 2.0 5.0 2.0 6.0 4.0 2.0 1.0 2.0 6.0 4.0 1.0 5.0 2.0 0.0 3.0 1.0 0.0 1.0 3.0 1.0 0.0 6.0 5.0 3.0 3.0 6.0 2.0 6.0 5.0 0.0 4.0 4.0 1.0 2.0 5.0 2.0 6.0 2.0
p16 6.0 0.0 0.0 0.0 3.0 6.0 2.0 6.0 3.0 3.0 1.0 4.0 2.0 2.0 5.0 3.0 0.0 1.0 0.0 0.0 4.0 1.0 0.0 2.0 2.0 6.0 5.0 0.0 0.0 6.0 4.0 6.0 0.0 0.0 3.0 0.0 1.0 1.0 1.0 3.0 1.0 6.0 6.0 3.0 2.0 2.0 6.0 3.0
p17 0.0 4.0 6.0 3.0 2.0 2.0 3.0 4.0 1.0 3.0 2.0 0.0 6.0 1.0 6.0 0.0 3.0 4.0 4.0 2.0 6.0 2.0 6.0 1.0 1.0 2.0 6.0 0.0 3.0 4.0 5.0 2.0 3.0 4.0 2.0 4.0 1.0 0.0 1.0 3.0 0.0 2.0 2.0 2.0 4.0 0.0 5.0 3.0
p18 2.0 5.0 2.0 4.0 3.0 1.0 5.0 4.0 1.0 0.0 4.0 6.0 6.0 4.0 2.0 2.0 5.0 4.0 6.0 6.0 6.0 5.0 3.0 2.0 5.0 2.0 1.0 3.0 6.0 1.0 3.0 0.0 6.0 3.0 5.0 1.0 3.0 0.0 1.0 2.0 3.0 3.0 3.0 0.0 4.0 5.0 4.0 0.0
p19 4.0 5.0 2.0 4.0 4.0 1.0 1.0 6.0 1.0 5.0 5.0 1.0 6.0 5.0 5.0 5.0 2.0 0.0 4.0 1.0 4.0 4.0 2.0 0.0 0.0 5.0 0.0 6.0 0.0 3.0 4.0 2.0 0.0 4.0 2.0 2.0 1.0 0.0 0.0 3.0 1.0 5.0 3.0 0.0 5.0 5.0 5.0 2.0
p20 5.0 0.0 4.0 1.0 6.0 1.0 4.0 1.0 2.0 4.0 1.0 2.0 5.0 5.0 4.0 4.0 5.0 2.0 3.0 1.0 6.0 3.0 0.0 2.0 2.0 2.0 0.0 6.0 4.0 6.0 5.0 4.0 4.0 4.0 6.0 2.0 3.0 3.0 5.0 0.0 3.0 3.0 3.0 5.0 6.0 2.0 3.0 5.0
p21 5.0 2.0 0.0 5.0 6.0 1.0 6.0 2.0 4.0 1.0 0.0 6.0 2.0 3.0 1.0 0.0 4.0 0.0 4.0 6.0 2.0 1.0 2.0 1.0 5.0 2.0 6.0 0.0 4.0 3.0 0.0 1.0 4.0 4.0 2.0 3.0 5.0 5.0 2.0 0.0 6.0 5.0 2.0 0.0 0.0 0.0 3.0 3.0
p22 6.0 4.0 6.0 2.0 1.0 2.0 3.0 4.0 3.0 1.0 4.0 3.0 0.0 4.0 1.0 3.0 3.0 2.0 2.0 4.0 4.0 3.0 0.0 4.0 0.0 2.0 1.0 5.0 3.0 1.0 5.0 1.0 3.0 4.0 1.0 0.0 2.0 2.0 1.0 2.0 1.0 2.0 6.0 0.0 0.0 6.0 6.0 1.0
p23 1.0 2.0 1.0 0.0 5.0 4.0 2.0 5.0 2.0 3.0 3.0 4.0 3.0 3.0 4.0 5.0 1.0 4.0 1.0 5.0 3.0 0.0 6.0 3.0 4.0 4.0 6.0 2.0 5.0 2.0 4.0 4.0 2.0 6.0 2.0 5.0 4.0 3.0 6.0 2.0 1.0 4.0 1.0 5.0 1.0 1.0 0.0 2.0
p24 0.0 0.0 1.0 5.0 0.0 0.0 5.0 1.0 2.0 2.0 3.0 6.0 2.0 1.0 3.0 1.0 3.0 6.0 5.0 5.0 6.0 4.0 1.0 0.0 5.0 6.0 6.0 1.0 0.0 4.0 0.0 2.0 4.0 2.0 2.0 1.0 1.0 2.0 4.0 1.0 3.0 5.0 0.0 5.0 5.0 4.0 5.0 1.0
p25 2.0 0.0 0.0 0.0 2.0 0.0 1.0 0.0 1.0 4.0 5.0 0.0 4.0 6.0 1.0 0.0 0.0 0.0 0.0 6.0 2.0 1.0 2.0 2.0 6.0 4.0 6.0 3.0 0.0 0.0 1.0 0.0 0.0 1.0 3.0 6.0 5.0 5.0 5.0 2.0 1.0 5.0 3.0 3.0 2.0 2.0 0.0 2.0
p26 1.0 1.0 3.0 2.0 1.0 1.0 3.0 0.0 6.0 0.0 0.0 3.0 5.0 3.0 4.0 1.0 2.0 2.0 4.0 6.0 5.0 1.0 2.0 4.0 1.0 0.0 6.0 2.0 4.0 1.0 1.0 1.0 3.0 1.0 6.0 0.0 5.0 2.0 2.0 6.0 4.0 6.0 5.0 5.0 2.0 6.0 1.0 0.0
p27 1.0 0.0 2.0 1.0 6.0 1.0 3.0 1.0 0.0 1.0 2.0 1.0 3.0 3.0 5.0 6.0 4.0 3.0 5.0 0.0 1.0 6.0 2.0 4.0 5.0 0.0 4.0 6.0 3.0 1.0 5.0 3.0 3.0 4.0 3.0 1.0 6.0 5.0 1.0 5.0 5.0 0.0 6.0 1.0 5.0 6.0 4.0 0.0
p28 3.0 6.0 0.0 5.0 1.0 4.0 6.0 2.0 1.0 4.0 2.0 3.0 1.0 3.0 0.0 5.0 0.0 2.0 0.0 0.0 1.0 4.0 6.0 5.0 0.0 4.0 0.0 4.0 6.0 6.0 3.0 4.0 0.0 5.0 0.0 5.0 1.0 6.0 2.0 1.0 4.0 5.0 1.0 2.0 2.0 0.0 4.0 0.0
p29 3.0 5.0 3.0 1.0 4.0 0.0 1.0 6.0 4.0 5.0 1.0 0.0 6.0 2.0 0.0 1.0 0.0 0.0 2.0 5.0 5.0 5.0 0.0 1.0 1.0 3.0 0.0 2.0 5.0 5.0 1.0 5.0 5.0 4.0 2.0 5.0 6.0 3.0 5.0 4.0 5.0 2.0 1.0 1.0 6.0 5.0 2.0 6.0
p30 0.0 3.0 3.0 1.0 3.0 1.0 4.0 3.0 0.0 1.0 6.0 2.0 2.0 0.0 3.0 4.0 3.0 1.0 5.0 0.0 0.0 0.0 0.0 2.0 6.0 0.0 2.0 0.0 3.0 3.0 1.0 4.0 3.0 0.0 6.0 2.0 1.0 2.0 0.0 2.0 1.0 5.0 0.0 2.0 2.0 1.0 2.0 2.0
p31 5.0 6.0 4.0 1.0 1.0 0.0 3.0 0.0 1.0 0.0 5.0 5.0 2.0 0.0 2.0 0.0 6.0 3.0 2.0 4.0 1.0 6.0 4.0 6.0 2.0 4.0 5.0 1.0 2.0 3.0 1.0 4.0 2.0 3.0 1.0 2.0 3.0 2.0 0.0 1.0 5.0 0.0 5.0 1.0 3.0 1.0 1.0 0.0
p32 1.0 3.0 2.0 5.0 0.0 0.0 4.0 5.0 5.0 4.0 1.0 1.0 6.0 0.0 0.0 1.0 0.0 3.0 0.0 1.0 0.0 5.0 6.0 5.0 1.0 4.0 4.0 0.0 1.0 4.0 0.0 4.0 6.0 1.0 4.0 5.0 2.0 3.0 0.0 0.0 3.0 4.0 6.0 2.0 1.0 5.0 1.0 3.0
p33 4.0 3.0 5.0 4.0 1.0 6.0 5.0 1.0 2.0 4.0 1.0 3.0 1.0 2.0 0.0 4.0 3.0 2.0 1.0 4.0 4.0 4.0 6.0 2.0 6.0 4.0 5.0 4.0 0.0 3.0 5.0 2.0 4.0 1.0 4.0 4.0 3.0 3.0 1.0 4.0 2.0 0.0 1.0 3.0 2.0 2.0 1.0 0.0
p34 1.0 1.0 1.0 3.0 1.0 2.0 0.0 2.0 6.0 5.0 5.0 1.0 3.0 0.0 6.0 0.0 6.0 5.0 2.0 1.0 3.0 5.0 1.0 3.0 5.0 0.0 3.0 2.0 3.0 1.0 3.0 0.0 0.0 4.0 0.0 1.0 0.0 0.0 5.0 2.0 2.0 2.0 6.0 1.0 6.0 2.0 4.0 3.0
p35 1.0 6.0 1.0 6.0 0.0 0.0 6.0 3.0 6.0 3.0 4.0 0.0 5.0 3.0 0.0 5.0 4.0 4.0 1.0 6.0 5.0 1.0 0.0 6.0 6.0 0.0 5.0 6.0 5.0 1.0 3.0 2.0 3.0 1.0 4.0 6.0 5.0 5.0 0.0 1.0 1.0 3.0 6.0 6.0 6.0 2.0 2.0 2.0
p36 6.0 0.0 2.0 1.0 4.0 3.0 1.0 0.0 6.0 1.0 2.0 4.0 5.0 1.0 6.0 5.0 6.0 5.0 1.0 0.0 5.0 0.0 4.0 0.0 4.0 1.0 1.0 5.0 0.0 6.0 1.0 3.0 6.0 0.0 0.0 0.0 1.0 4.0 6.0 0.0 1.0 5.0 4.0 6.0 2.0 5.0 3.0 3.0
p37 6.0 6.0 1.0 2.0 4.0 6.0 2.0 0.0 0.0 1.0 3.0 6.0 3.0 5.0 0.0 0.0 0.0 4.0 4.0 5.0 2.0 0.0 1.0 3.0 5.0 2.0 1.0 3.0 2.0 3.0 3.0 1.0 0.0 3.0 1.0 1.0 3.0 6.0 4.0 1.0 1.0 3.0 5.0 1.0 0.0 0.0 3.0 4.0
p38 2.0 1.0 3.0 1.0 6.0 6.0 1.0 2.0 2.0 4.0 4.0 3.0 3.0 1.0 5.0 2.0 6.0 2.0 1.0 4.0 6.0 1.0 5.0 0.0 3.0 0.0 3.0 3.0 2.0 0.0 4.0 6.0 3.0 5.0 5.0 0.0 2.0 5.0 3.0 1.0 3.0 1.0 4.0 6.0 2.0 6.0 1.0 2.0
p39 5.0 1.0 0.0 3.0 5.0 5.0 5.0 0.0 5.0 3.0 5.0 1.0 2.0 5.0 6.0 5.0 3.0 0.0 0.0 0.0 5.0 0.0 1.0 3.0 4.0 0.0 3.0 1.0 3.0 3.0 1.0 5.0 6.0 0.0 0.0 6.0 1.0 4.0 5.0 6.0 2.0 5.0 0.0 3.0 2.0 6.0 2.0 0.0
p40 3.0 4.0 1.0 2.0 6.0 3.0 6.0 3.0 6.0 3.0 0.0 3.0 6.0 0.0 4.0 5.0 4.0 3.0 3.0 1.0 4.0 6.0 5.0 4.0 5.0 6.0 1.0 0.0 5.0 2.0 2.0 1.0 3.0 2.0 6.0 3.0 0.0 6.0 4.0 6.0 4.0 2.0 1.0 3.0 4.0 6.0 4.0 1.0
p41 1.0 0.0 3.0 0.0 2.0 3.0 1.0 3.0 6.0 2.0 3.0 3.0 4.0 6.0 1.0 0.0 6.0 4.0 2.0 0.0 2.0 0.0 0.0 4.0 2.0 2.0 3.0 2.0 0.0 0.0 2.0 1.0 6.0 0.0 3.0 3.0 5.0 5.0 4.0 0.0 2.0 1.0 4.0 3.0 0.0 2.0 5.0 6.0
p42 1.0 1.0 4.0 6.0 6.0 5.0 3.0 4.0 0.0 4.0 5.0 3.0 1.0 4.0 1.0 4.0 6.0 6.0 5.0 1.0 1.0 5.0 2.0 0.0 5.0 5.0 2.0 5.0 0.0 1.0 6.0 3.0 1.0 3.0 3.0 2.0 1.0 1.0 2.0 3.0 0.0 3.0 5.0 0.0 5.0 2.0 6.0 4.0
p43 2.0 4.0 3.0 5.0 1.0 1.0 1.0 3.0 3.0 2.0 6.0 0.0 5.0 3.0 3.0 2.0 1.0 0.0 5.0 6.0 2.0 0.0 1.0 4.0 3.0 6.0 2.0 2.0 2.0 1.0 2.0 1.0 4.0 0.0 2.0 4.0 1.0 2.0 1.0 6.0 3.0 5.0 0.0 1.0 1.0 4.0 5.0 1.0
p44 6.0 0.0 4.0 0.0 0.0 3.0 0.0 2.0 3.0 6.0 5.0 1.0 2.0 5.0 5.0 6.0 0.0 1.0 0.0 1.0 4.0 1.0 5.0 6.0 1.0 3.0 2.0 2.0 1.0 0.0 4.0 5.0 6.0 5.0 1.0 5.0 4.0 3.0 0.0 5.0 3.0 0.0 1.0 6.0 5.0 5.0 0.0 1.0
p45 0.0 1.0 0.0 0.0 4.0 3.0 0.0 1.0 5.0 4.0 0.0 0.0 5.0 3.0 4.0 0.0 1.0 5.0 3.0 2.0 0.0 5.0 3.0 4.0 5.0 0.0 3.0 0.0 2.0 5.0 3.0 2.0 2.0 1.0 4.0 3.0 6.0 0.0 2.0 6.0 6.0 0.0 4.0 0.0 4.0 5.0 5.0 0.0
p46 5.0 1.0 0.0 2.0 1.0 6.0 0.0 2.0 1.0 1.0 5.0 5.0 2.0 2.0 2.0 6.0 3.0 1.0 4.0 3.0 6.0 3.0 5.0 5.0 0.0 6.0 4.0 2.0 1.0 2.0 4.0 3.0 3.0 6.0 2.0 4.0 1.0 5.0 4.0 4.0 3.0 5.0 6.0 2.0 1.0 2.0 1.0 1.0
p47 1.0 6.0 1.0 5.0 3.0 0.0 4.0 2.0 1.0 4.0 4.0 4.0 2.0 2.0 4.0 6.0 2.0 3.0 2.0 5.0 6.0 4.0 4.0 5.0 3.0 3.0 4.0 4.0 3.0 4.0 1.0 0.0 6.0 0.0 1.0 3.0 1.0 0.0 2.0 2.0 2.0 2.0 5.0 4.0 4.0 6.0 6.0 5.0
p48 5.0 0.0 0.0 1.0 2.0 2.0 0.0 3.0 1.0 4.0 3.0 3.0 3.0 6.0 4.0 4.0 3.0 5.0 4.0 3.0 0.0 2.0 2.0 4.0 6.0 0.0 1.0 3.0 3.0 4.0 0.0 4.0 4.0 4.0 5.0 5.0 4.0 1.0 5.0 6.0 5.0 1.0 5.0 4.0 6.0 5.0 6.0 5.0
p49 3.0 3.0 2.0 2.0 0.0 3.0 6.0 1.0 0.0 0.0 2.0 2.0 6.0 4.0 0.0 4.0 2.0 1.0 1.0 6.0 6.0 0.0 4.0 4.0 1.0 6.0 0.0 1.0 2.0 5.0 6.0 4.0 2.0 1.0 2.0 4.0 0.0 6.0 0.0 2.0 4.0 1.0 1.0 3.0 2.0 6.0 3.0 3.0
p50 3.0 3.0 0.0 2.0 2.0 5.0 1.0 6.0 2.0 3.0 0.0 6.0 6.0 6.0 0.0 2.0 3.0 6.0 0.0 3.0 6.0 0.0 2.0 0.0 0.0 2.0 6.0 2.0 0.0 1.0 1.0 1.0 4.0 4.0 4.0 1.0 0.0 6.0 5.0 5.0 4.0 5.0 0.0 2.0 4.0 0.0 4.0 3.0
p51 0.0 0.0 2.0 2.0 3.0 6.0 4.0 3.0 4.0 6.0 4.0 4.0 2.0 1.0 3.0 5.0 3.0 3.0 6.0 3.0 1.0 0.0 3.0 5.0 3.0 6.0 6.0 6.0 3.0 4.0 4.0 3.0 0.0 3.0 5.0 6.0 2.0 1.0 6.0 1.0 5.0 0.0 2.0 1.0 5.0 5.0 2.0 4.0
p52 3.0 1.0 6.0 4.0 4.0 5.0 3.0 6.0 6.0 2.0 1.0 4.0 2.0 4.0 6.0 1.0 4.0 6.0 3.0 4.0 2.0 2.0 3.0 4.0 3.0 1.0 5.0 4.0 0.0 2.0 1.0 1.0 3.0 4.0 6.0 0.0 1.0 3.0 3.0 4.0 3.0 6.0 3.0 0.0 0.0 2.0 0.0 2.0
p53 0.0 4.0 5.0 6.0 1.0 5.0 6.0 5.0 4.0 4.0 1.0 3.0 2.0 5.0 6.0 3.0 3.0 2.0 6.0 6.0 0.0 0.0 3.0 3.0 5.0 2.0 1.0 3.0 5.0 2.0 1.0 0.0 0.0 0.0 6.0 2.0 2.0 1.0 5.0 1.0 4.0 6.0 3.0 0.0 1.0 6.0 3.0 1.0
p54 2.0 0.0 2.0 4.0 5.0 0.0 3.0 5.0 0.0 3.0 1.0 6.0 4.0 2.0 4.0 0.0 0.0 2.0 3.0 0.0 4.0 2.0 3.0 1.0 0.0 6.0 3.0 0.0 0.0 2.0 0.0 3.0 0.0 2.0 2.0 3.0 5.0 4.0 0.0 3.0 2.0 1.0 2.0 3.0 4.0 6.0 1.0 2.0
p55 1.0 0.0 0.0 5.0 2.0 4.0 1.0 3.0 5.0 5.0 0.0 3.0 3.0 1.0 3.0 1.0 2.0 4.0 2.0 0.0 1.0 2.0 4.0 0.0 0.0 2.0 3.0 0.0 2.0 1.0 5.0 3.0 5.0 4.0 4.0 4.0 2.0 1.0 6.0 2.0 5.0 3.0 6.0 3.0 1.0 1.0 5.0 1.0
p56 5.0 4.0 4.0 2.0 5.0 2.0 1.0 0.0 0.0 6.0 6.0 0.0 2.0 2.0 4.0 1.0 2.0 0.0 2.0 6.0 2.0 3.0 3.0 0.0 3.0 5.0 1.0 2.0 2.0 2.0 5.0 1.0 1.0 5.0 2.0 3.0 3.0 0.0 1.0 0.0 1.0 2.0 3.0 1.0 6.0 1.0 1.0 1.0
p57 6.0 2.0 0.0 0.0 0.0 3.0 6.0 1.0 4.0 5.0 6.0 0.0 2.0 0.0 2.0 4.0 1.0 3.0 4.0 4.0 6.0 4.0 1.0 3.0 1.0 6.0 3.0 2.0 2.0 4.0 0.0 0.0 5.0 0.0 5.0 5.0 1.0 1.0 1.0 1.0 0.0 5.0 0.0 1.0 4.0 6.0 3.0 3.0
p58 1.0 1.0 2.0 6.0 3.0 1.0 4.0 1.0 2.0 2.0 2.0 1.0 3.0 1.0 2.0 1.0 6.0 1.0 4.0 1.0 5.0 1.0 0.0 0.0 5.0 3.0 0.0 0.0 1.0 5.0 5.0 3.0 4.0 6.0 2.0 6.0 5.0 2.0 1.0 6.0 4.0 4.0 4.0 5.0 3.0 0.0 1.0 0.0
p59 2.0 2.0 6.0 3.0 0.0 1.0 0.0 4.0 0.0 6.0 3.0 3.0 0.0 5.0 0.0 1.0 3.0 5.0 2.0 6.0 4.0 2.0 4.0 5.0 0.0 6.0 4.0 6.0 1.0 3.0 4.0 0.0 0.0 1.0 0.0 2.0 6.0 4.0 3.0 4.0 5.0 2.0 6.0 1.0 5.0 6.0 1.0 1.0
p60 2.0 4.0 4.0 2.0 0.0 1.0 5.0 5.0 6.0 0.0 2.0 1.0 1.0 6.0 0.0 4.0 6.0 0.0 3.0 1.0 3.0 5.0 6.0 3.0 6.0 2.0 4.0 5.0 2.0 2.0 0.0 0.0 1.0 5.0 0.0 0.0 0.0 6.0 1.0 5.0 0.0 4.0 4.0 5.0 6.0 1.0 4.0 0.0
p61 6.0 1.0 0.0 0.0 6.0 0.0 2.0 3.0 3.0 2.0 6.0 4.0 3.0 3.0 1.0 4.0 2.0 0.0 5.0 4.0 0.0 3.0 3.0 4.0 1.0 4.0 1.0 2.0 0.0 3.0 1.0 1.0 0.0 1.0 2.0 1.0 0.0 1.0 2.0 4.0 4.0 0.0 5.0 5.0 6.0 6.0 6.0 2.0
p62 4.0 2.0 0.0 2.0 4.0 1.0 0.0 5.0 6.0 5.0 0.0 0.0 2.0 2.0 6.0 2.0 5.0 4.0 1.0 4.0 0.0 4.0 4.0 6.0 4.0 2.0 2.0 4.0 4.0 5.0 4.0 4.0 2.0 6.0 4.0 4.0 3.0 4.0 4.0 3.0 3.0 0.0 0.0 3.0 2.0 1.0 4.0 0.0
p63 0.0 4.0 6.0 3.0 0.0 6.0 5.0 6.0 0.0 4.0 3.0 5.0 4.0 1.0 5.0 3.0 3.0 5.0 2.0 2.0 4.0 0.0 2.0 0.0 3.0 2.0 0.0 2.0 3.0 2.0 4.0 3.0 2.0 5.0 1.0 0.0 1.0 4.0 0.0 5.0 1.0 3.0 4.0 3.0 0.0 1.0 4.0 2.0
p64 3.0 0.0 0.0 6.0 4.0 6.0 0.0 4.0 0.0 0.0 1.0 0.0 2.0 0.0 0.0 3.0 2.0 6.0 0.0 4.0 0.0 6.0 1.0 4.0 5.0 1.0 3.0 0.0 5.0 1.0 5.0 0.0 3.0 0.0 2.0 5.0 6.0 3.0 2.0 4.0 6.0 6.0 3.0 0.0 2.0 4.0 0.0 1.0
p65 1.0 1.0 4.0 2.0 0.0 2.0 3.0 5.0 2.0 2.0 0.0 1.0 1.0 0.0 5.0 5.0 5.0 0.0 2.0 3.0 1.0 6.0 4.0 0.0 0.0 2.0 0.0 1.0 2.0 6.0 0.0 2.0 3.0 4.0 6.0 1.0 6.0 6.0 4.0 0.0 4.0 2.0 2.0 3.0 3.0 3.0 6.0 6.0
p66 2.0 5.0 4.0 2.0 0.0 4.0 5.0 5.0 1.0 6.0 1.0 0.0 1.0 6.0 5.0 6.0 2.0 3.0 1.0 6.0 4.0 2.0 6.0 0.0 0.0 3.0 2.0 0.0 2.0 5.0 0.0 0.0 4.0 3.0 3.0 1.0 0.0 0.0 0.0 3.0 6.0 3.0 4.0 4.0 6.0 1.0 1.0 3.0
p67 1.0 5.0 4.0 2.0 5.0 1.0 0.0 4.0 4.0 1.0 2.0 3.0 0.0 4.0 1.0 4.0 1.0 0.0 1.0 1.0 0.0 3.0 5.0 6.0 0.0 5.0 2.0 0.0 2.0 4.0 0.0 2.0 1.0 2.0 2.0 2.0 2.0 5.0 5.0 1.0 0.0 2.0 3.0 5.0 2.0 1.0 5.0 5.0
p68 5.0 1.0 2.0 6.0 0.0 0.0 2.0 6.0 1.0 5.0 6.0 6.0 2.0 3.0 4.0 0.0 3.0 1.0 4.0 6.0 4.0 3.0 3.0 6.0 0.0 4.0 1.0 6.0 2.0 2.0 4.0 1.0 5.0 6.0 5.0 2.0 0.0 3.0 4.0 0.0 0.0 0.0 6.0 6.0 0.0 0.0 0.0 0.0
p69 2.0 0.0 2.0 2.0 0.0 5.0 6.0 1.0 0.0 3.0 0.0 3.0 4.0 4.0 3.0 3.0 0.0 3.0 4.0 1.0 5.0 0.0 3.0 0.0 3.0 0.0 4.0 0.0 6.0 5.0 6.0 5.0 4.0 4.0 6.0 4.0 0.0 0.0 5.0 3.0 6.0 6.0 2.0 5.0 6.0 2.0 3.0 4.0
p70 6.0 4.0 4.0 1.0 3.0 5.0 0.0 5.0 2.0 5.0 1.0 0.0 0.0 0.0 1.0 1.0 0.0 0.0 3.0 4.0 3.0 5.0 0.0 4.0 1.0 4.0 5.0 6.0 5.0 0.0 3.0 3.0 1.0 3.0 0.0 4.0 2.0 4.0 1.0 6.0 5.0 3.0 3.0 4.0 1.0 0.0 4.0 4.0
p71 2.0 6.0 5.0 0.0 2.0 6.0 2.0 2.0 1.0 6.0 4.0 6.0 6.0 3.0 4.0 3.0 0.0 5.0 2.0 4.0 4.0 1.0 6.0 1.0 6.0 0.0 3.0 1.0 1.0 6.0 5.0 4.0 3.0 2.0 3.0 6.0 1.0 5.0 5.0 1.0 1.0 1.0 1.0 1.0 4.0 4.0 1.0 5.0
p72 5.0 5.0 5.0 1.0 4.0 6.0 0.0 3.0 5.0 3.0 1.0 0.0 0.0 1.0 2.0 3.0 0.0 6.0 3.0 1.0 0.0 3.0 6.0 3.0 1.0 3.0 1.0 6.0 1.0 5.0 3.0 3.0 2.0 2.0 4.0 6.0 0.0 2.0 2.0 0.0 5.0 6.0 1.0 2.0 0.0 5.0 6.0 0.0
p73 2.0 1.0 3.0 0.0 4.0 6.0 6.0 0.0 4.0 2.0 1.0 3.0 6.0 5.0 6.0 0.0 5.0 4.0 2.0 2.0 0.0 1.0 3.0 5.0 4.0 6.0 2.0 3.0 6.0 0.0 3.0 4.0 3.0 4.0 1.0 5.0 2.0 5.0 0.0 3.0 6.0 2.0 2.0 0.0 6.0 5.0 5.0 2.0
p74 3.0 1.0 4.0 0.0 4.0 1.0 0.0 2.0 1.0 6.0 5.0 0.0 3.0 5.0 0.0 2.0 5.0 0.0 3.0 5.0 3.0 0.0 4.0 6.0 5.0 2.0 4.0 3.0 0.0 0.0 5.0 2.0 3.0 4.0 5.0 4.0 6.0 0.0 2.0 4.0 1.0 4.0 5.0 6.0 2.0 0.0 1.0 0.0
p75 5.0 2.0 6.0 2.0 0.0 2.0 6.0 0.0 5.0 6.0 1.0 4.0 0.0 0.0 5.0 5.0 0.0 6.0 6.0 2.0 1.0 0.0 6.0 1.0 2.0 2.0 1.0 1.0 3.0 2.0 3.0 0.0 1.0 2.0 5.0 2.0 1.0 4.0 5.0 1.0 3.0 6.0 2.0 1.0 1.0 0.0 0.0 3.0
p76 0.0 5.0 3.0 4.0 4.0 6.0 2.0 5.0 0.0 4.0 2.0 2.0 2.0 5.0 4.0 3.0 0.0 6.0 2.0 0.0 4.0 0.0 0.0 1.0 2.0 4.0 3.0 6.0 2.0 6.0 0.0 0.0 3.0 6.0 2.0 2.0 2.0 6.0 1.0 3.0 0.0 0.0 6.0 2.0 1.0 4.0 0.0 3.0
p77 6.0 1.0 1.0 6.0 4.0 6.0 1.0 0.0 4.0 3.0 2.0 6.0 0.0 4.0 1.0 1.0 3.0 0.0 0.0 4.0 4.0 5.0 1.0 6.0 5.0 2.0 2.0 0.0 2.0 3.0 6.0 0.0 6.0 4.0 0.0 6.0 3.0 3.0 3.0 0.0 6.0 2.0 2.0 1.0 1.0 0.0 2.0 5.0
p78 0.0 6.0 1.0 3.0 2.0 2.0 0.0 1.0 3.0 5.0 2.0 0.0 4.0 2.0 4.0 1.0 5.0 6.0 2.0 3.0 4.0 2.0 5.0 0.0 2.0 3.0 0.0 1.0 1.0 1.0 4.0 4.0 4.0 4.0 1.0 2.0 2.0 0.0 4.0 1.0 2.0 4.0 0.0 5.0 0.0 4.0 3.0 6.0
p79 2.0 1.0 3.0 2.0 0.0 3.0 2.0 3.0 1.0 1.0 3.0 6.0 0.0 5.0 5.0 1.0 0.0 0.0 0.0 3.0 5.0 5.0 2.0 1.0 5.0 3.0 4.0 2.0 1.0 2.0 3.0 5.0 1.0 6.0 2.0 1.0 5.0 2.0 1.0 5.0 4.0 3.0 0.0 0.0 6.0 6.0 1.0 3.0
p80 3.0 6.0 6.0 2.0 6.0 1.0 2.0 2.0 0.0 4.0 3.0 0.0 3.0 4.0 2.0 1.0 0.0 0.0 1.0 4.0 6.0 2.0 4.0 4.0 5.0 2.0 5.0 5.0 0.0 5.0 3.0 4.0 0.0 3.0 4.0 6.0 0.0 5.0 0.0 0.0 2.0 0.0 4.0 0.0 2.0 0.0 0.0 3.0
p81 6.0 0.0 2.0 0.0 1.0 4.0 5.0 6.0 1.0 2.0 2.0 0.0 6.0 3.0 4.0 2.0 4.0 1.0 4.0 4.0 6.0 2.0 1.0 4.0 1.0 0.0 1.0 4.0 2.0 5.0 3.0 6.0 5.0 5.0 5.0 0.0 4.0 1.0 1.0 2.0 5.0 6.0 3.0 2.0 0.0 0.0 1.0 3.0
p82 3.0 3.0 5.0 1.0 3.0 5.0 4.0 1.0 6.0 6.0 3.0 0.0 0.0 5.0 6.0 4.0 5.0 2.0 0.0 0.0 1.0 0.0 3.0 0.0 3.0 1.0 1.0 4.0 6.0 0.0 2.0 6.0 3.0 3.0 2.0 1.0 6.0 5.0 5.0 1.0 6.0 3.0 2.0 0.0 3.0 4.0 1.0 2.0
p83 3.0 1.0 0.0 4.0 5.0 2.0 2.0 4.0 1.0 4.0 3.0 4.0 5.0 4.0 4.0 0.0 0.0 3.0 1.0 0.0 6.0 2.0 2.0 4.0 3.0 1.0 0.0 1.0 2.0 0.0 4.0 6.0 1.0 3.0 3.0 1.0 3.0 3.0 6.0 0.0 0.0 5.0 0.0 0.0 1.0 1.0 1.0 3.0
p84 4.0 3.0 5.0 4.0 0.0 4.0 2.0 6.0 1.0 2.0 3.0 3.0 1.0 2.0 2.0 4.0 4.0 3.0 5.0 0.0 1.0 0.0 5.0 1.0 4.0 5.0 5.0 5.0 3.0 1.0 3.0 4.0 2.0 0.0 3.0 3.0 1.0 6.0 1.0 0.0 4.0 4.0 2.0 4.0 5.0 4.0 1.0 3.0
p85 1.0 2.0 5.0 0.0 5.0 2.0 6.0 5.0 4.0 4.0 4.0 5.0 4.0 1.0 5.0 5.0 1.0 2.0 5.0 5.0 2.0 4.0 3.0 3.0 0.0 6.0 5.0 6.0 6.0 1.0 6.0 6.0 0.0 3.0 6.0 3.0 0.0 6.0 1.0 5.0 4.0 1.0 3.0 5.0 3.0 3.0 1.0 6.0
p86 2.0 3.0 1.0 0.0 5.0 6.0 6.0 6.0 2.0 0.0 0.0 3.0 3.0 6.0 5.0 5.0 3.0 4.0 3.0 1.0 0.0 1.0 6.0 0.0 5.0 0.0 4.0 2.0 1.0 2.0 2.0 3.0 1.0 0.0 1.0 1.0 2.0 2.0 0.0 5.0 1.0 3.0 5.0 2.0 5.0 5.0 6.0 6.0
p87 0.0 1.0 5.0 6.0 0.0 6.0 4.0 4.0 0.0 5.0 1.0 6.0 3.0 3.0 6.0 3.0 0.0 2.0 4.0 4.0 4.0 0.0 1.0 0.0 5.0 6.0 4.0 0.0 4.0 1.0 4.0 5.0 6.0 0.0 3.0 1.0 5.0 3.0 6.0 5.0 2.0 2.0 3.0 0.0 4.0 6.0 4.0 4.0
p88 3.0 2.0 3.0 6.0 4.0 2.0 1.0 4.0 5.0 4.0 0.0 1.0 2.0 5.0 3.0 0.0 0.0 3.0 5.0 4.0 2.0 5.0 5.0 4.0 2.0 0.0 1.0 4.0 3.0 2.0 3.0 0.0 3.0 0.0 2.0 4.0 5.0 4.0 6.0 2.0 6.0 0.0 6.0 4.0 5.0 0.0 1.0 5.0
p89 2.0 5.0 5.0 4.0 5.0 6.0 3.0 3.0 1.0 5.0 6.0 0.0 2.0 4.0 0.0 2.0 5.0 5.0 5.0 1.0 2.0 1.0 1.0 5.0 4.0 4.0 0.0 1.0 6.0 4.0 1.0 2.0 1.0 2.0 3.0 1.0 3.0 0.0 6.0 1.0 0.0 5.0 4.0 2.0 4.0 5.0 3.0 1.0
p90 5.0 1.0 4.0 2.0 5.0 1.0 2.0 3.0 4.0 6.0 4.0 2.0 0.0 6.0 2.0 4.0 1.0 1.0 3.0 2.0 0.0 6.0 0.0 4.0 0.0 0.0 4.0 1.0 3.0 6.0 2.0 5.0 6.0 6.0 1.0 1.0 5.0 5.0 4.0 6.0 4.0 1.0 1.0 2.0 6.0 1.0 5.0 3.0
p91 1.0 2.0 4.0 3.0 4.0 5.0 5.0 2.0 6.0 3.0 2.0 1.0 5.0 5.0 3.0 0.0 1.0 2.0 3.0 5.0 5.0 5.0 0.0 1.0 6.0 4.0 1.0 2.0 0.0 0.0 1.0 2.0 1.0 3.0 1.0 5.0 2.0 3.0 0.0 2.0 0.0 0.0 6.0 0.0 3.0 0.0 5.0 3.0
p92 6.0 4.0 3.0 3.0 3.0 1.0 2.0 3.0 3.0 3.0 6.0 0.0 2.0 4.0 6.0 5.0 3.0 2.0 6.0 1.0 3.0 1.0 3.0 0.0 3.0 1.0 1.0 1.0 6.0 3.0 6.0 3.0 3.0 2.0 1.0 3.0 4.0 2.0 1.0 1.0 0.0 1.0 3.0 3.0 6.0 4.0 6.0 0.0
p93 1.0 0.0 2.0 5.0 4.0 1.0 1.0 5.0 6.0 6.0 2.0 4.0 1.0 3.0 6.0 1.0 0.0 6.0 2.0 5.0 4.0 2.0 6.0 4.0 5.0 0.0 3.0 0.0 4.0 6.0 2.0 0.0 4.0 2.0 1.0 1.0 0.0 6.0 2.0 3.0 1.0 5.0 3.0 0.0 2.0 4.0 4.0 5.0
p94 4.0 2.0 4.0 0.0 0.0 1.0 0.0 2.0 6.0 6.0 0.0 5.0 4.0 0.0 5.0 2.0 0.0 2.0 2.0 3.0 3.0 1.0 0.0 0.0 1.0 3.0 2.0 0.0 0.0 2.0 2.0 3.0 4.0 2.0 1.0 1.0 0.0 0.0 3.0 0.0 6.0 6.0 2.0 6.0 2.0 6.0 0.0 0.0
p95 1.0 5.0 0.0 3.0 6.0 0.0 0.0 1.0 2.0 1.0 2.0 1.0 3.0 1.0 2.0 6.0 1.0 1.0 0.0 2.0 1.0 3.0 2.0 0.0 6.0 5.0 2.0 6.0 3.0 1.0 6.0 5.0 5.0 5.0 4.0 4.0 0.0 2.0 3.0 4.0 0.0 6.0 6.0 4.0 2.0 2.0 0.0 4.0
p96 0.0 1.0 3.0 1.0 0.0 1.0 1.0 0.0 0.0 6.0 0.0 3.0 5.0 6.0 6.0 2.0 3.0 0.0 6.0 1.0 0.0 6.0 2.0 0.0 1.0 5.0 0.0 4.0 0.0 5.0 2.0 5.0 5.0 5.0 4.0 5.0 5.0 0.0 0.0 2.0 0.0 2.0 6.0 2.0 1.0 2.0 2.0 0.0
p97 6.0 0.0 1.0 4.0 2.0 0.0 2.0 6.0 5.0 5.0 1.0 3.0 1.0 0.0 3.0 6.0 6.0 5.0 6.0 4.0 2.0 1.0 1.0 0.0 0.0 0.0 2.0 5.0 5.0 2.0 5.0 0.0 2.0 3.0 0.0 3.0 2.0 1.0 2.0 2.0 6.0 5.0 5.0 6.0 4.0 2.0 4.0 1.0
p98 3.0 6.0 1.0 1.0 0.0 5.0 2.0 2.0 0.0 2.0 2.0 1.0 1.0 5.0 2.0 2.0 2.0 1.0 0.0 6.0 1.0 1.0 3.0 2.0 0.0 1.0 3.0 1.0 0.0 3.0 3.0 4.0 4.0 6.0 1.0 4.0 4.0 2.0 3.0 0.0 5.0 5.0 4.0 2.0 4.0 5.0 3.0 2.0
p99 3.0 6.0 5.0 5.0 0.0 4.0 3.0 2.0 1.0 2.0 1.0 3.0 5.0 2.0 2.0 2.0 2.0 4.0 2.0 2.0 1.0 0.0 4.0 3.0 0.0 0.0 1.0 5.0 0.0 2.0 6.0 0.0 4.0 0.0 0.0 1.0 0.0 1.0 2.0 2.0 2.0 2.0 0.0 4.0 3.0 6.0 3.0 4.0
p100 4.0 4.0 4.0 0.0 4.0 0.0 0.0 0.0 4.0 2.0 3.0 1.0 4.0 6.0 0.0 6.0 3.0 6.0 1.0 3.0 0.0 3.0 1.0 0.0 4.0 3.0 2.0 1.0 1.0 1.0 2.0 5.0 0.0 4.0 6.0 3.0 3.0 0.0 5.0 2.0 5.0 4.0 3.0 5.0 5.0 2.0 1.0 0.0
p101 4.0 1.0 4.0 3.0 1.0 6.0 3.0 0.0 0.0 4.0 6.0 4.0 2.0 0.0 2.0 5.0 5.0 3.0 0.0 3.0 4.0 1.0 4.0 1.0 1.0 0.0 2.0 6.0 0.0 0.0 1.0 5.0 1.0 4.0 0.0 6.0 4.0 5.0 2.0 4.0 0.0 5.0 5.0 6.0 3.0 4.0 1.0 0.0
p102 1.0 3.0 4.0 6.0 4.0 3.0 2.0 1.0 1.0 3.0 6.0 1.0 2.0 1.0 0.0 4.0 1.0 1.0 2.0 1.0 6.0 5.0 1.0 3.0 0.0 4.0 1.0 0.0 2.0 6.0 5.0 6.0 5.0 0.0 6.0 5.0 4.0 5.0 3.0 3.0 3.0 2.0 1.0 3.0 6.0 0.0 5.0 5.0
p103 3.0 2.0 4.0 2.0 2.0 5.0 2.0 4.0 1.0 6.0 0.0 2.0 1.0 0.0 5.0 0.0 1.0 5.0 2.0 6.0 5.0 2.0 6.0 1.0 2.0 1.0 4.0 1.0 0.0 1.0 0.0 6.0 4.0 6.0 4.0 5.0 4.0 0.0 4.0 2.0 5.0 2.0 5.0 1.0 4.0 0.0 4.0 1.0
p104 2.0 1.0 2.0 5.0 2.0 2.0 1.0 2.0 5.0 5.0 5.0 1.0 5.0 1.0 6.0 6.0 0.0 1.0 0.0 5.0 0.0 3.0 3.0 6.0 1.0 1.0 4.0 6.0 4.0 4.0 3.0 5.0 2.0 4.0 6.0 6.0 1.0 1.0 2.0 3.0 1.0 2.0 2.0 2.0 0.0 5.0 6.0 5.0
p105 4.0 3.0 2.0 0.0 5.0 1.0 1.0 3.0 3.0 3.0 0.0 2.0 6.0 2.0 0.0 3.0 4.0 4.0 1.0 4.0 4.0 1.0 3.0 1.0 4.0 4.0 2.0 2.0 4.0 5.0 0.0 1.0 5.0 4.0 3.0 2.0 1.0 1.0 6.0 4.0 6.0 2.0 0.0 0.0 1.0 2.0 4.0 6.0
p106 3.0 2.0 2.0 6.0 2.0 5.0 0.0 5.0 1.0 2.0 4.0 2.0 5.0 0.0 1.0 1.0 2.0 2.0 6.0 3.0 3.0 0.0 1.0 6.0 4.0 2.0 1.0 3.0 0.0 0.0 2.0 0.0 5.0 1.0 1.0 5.0 1.0 2.0 0.0 2.0 4.0 0.0 6.0 5.0 0.0 3.0 6.0 0.0
p107 4.0 6.0 2.0 0.0 3.0 2.0 1.0 3.0 3.0 0.0 6.0 0.0 6.0 6.0 6.0 3.0 5.0 1.0 3.0 3.0 6.0 6.0 0.0 0.0 0.0 1.0 0.0 1.0 0.0 5.0 0.0 5.0 5.0 5.0 4.0 5.0 0.0 0.0 1.0 4.0 1.0 6.0 3.0 6.0 6.0 1.0 1.0 6.0
p108 1.0 5.0 3.0 4.0 4.0 0.0 1.0 6.0 5.0 3.0 1.0 4.0 5.0 0.0 0.0 5.0 3.0 3.0 2.0 4.0 3.0 1.0 1.0 6.0 0.0 1.0 2.0 6.0 4.0 0.0 5.0 0.0 1.0 5.0 1.0 3.0 2.0 1.0 5.0 0.0 0.0 4.0 6.0 3.0 3.0 2.0 1.0 1.0
p109 0.0 4.0 2.0 1.0 1.0 4.0 1.0 5.0 5.0 3.0 5.0 2.0 0.0 0.0 5.0 1.0 0.0 2.0 2.0 2.0 2.0 6.0 1.0 0.0 6.0 3.0 5.0 2.0 5.0 0.0 1.0 5.0 1.0 1.0 4.0 2.0 1.0 2.0 0.0 5.0 3.0 6.0 5.0 5.0 2.0 5.0 2.0 2.0
p110 6.0 2.0 5.0 2.0 2.0 1.0 4.0 5.0 4.0 2.0 2.0 5.0 4.0 3.0 3.0 6.0 2.0 2.0 5.0 0.0 5.0 0.0 4.0 2.0 6.0 6.0 1.0 1.0 1.0 5.0 5.0 6.0 6.0 3.0 6.0 0.0 6.0 5.0 2.0 1.0 2.0 0.0 4.0 1.0 0.0 1.0 5.0 2.0
p111 4.0 4.0 4.0 2.0 0.0 5.0 2.0 0.0 0.0 5.0 2.0 0.0 6.0 4.0 1.0 1.0 6.0 1.0 6.0 1.0 4.0 0.0 0.0 6.0 2.0 4.0 2.0 3.0 0.0 5.0 1.0 5.0 2.0 2.0 5.0 3.0 3.0 3.0 2.0 2.0 1.0 4.0 5.0 3.0 1.0 0.0 1.0 2.0
p112 5.0 4.0 5.0 2.0 2.0 3.0 1.0 6.0 4.0 0.0 4.0 5.0 0.0 2.0 6.0 0.0 0.0 2.0 3.0 3.0 2.0 3.0 2.0 2.0 2.0 5.0 1.0 2.0 2.0 1.0 2.0 5.0 6.0 3.0 5.0 0.0 3.0 6.0 0.0 3.0 5.0 1.0 2.0 6.0 0.0 0.0 2.0 1.0
p113 6.0 2.0 1.0 5.0 0.0 3.0 0.0 6.0 6.0 1.0 2.0 3.0 3.0 6.0 4.0 6.0 6.0 1.0 5.0 2.0 4.0 1.0 5.0 0.0 3.0 6.0 4.0 0.0 6.0 4.0 1.0 0.0 0.0 5.0 0.0 4.0 3.0 6.0 3.0 0.0 0.0 3.0 0.0 0.0 4.0 0.0 6.0 0.0
p114 6.0 2.0 0.0 0.0 6.0 3.0 2.0 6.0 6.0 1.0 6.0 0.0 2.0 0.0 2.0 5.0 1.0 3.0 4.0 5.0 5.0 3.0 0.0 6.0 3.0 1.0 3.0 0.0 3.0 2.0 5.0 0.0 5.0 2.0 4.0 3.0 2.0 1.0 4.0 0.0 1.0 5.0 6.0 4.0 0.0 3.0 5.0 1.0
p115 2.0 1.0 5.0 3.0 1.0 1.0 4.0 3.0 5.0 4.0 4.0 6.0 1.0 2.0 1.0 5.0 6.0 4.0 1.0 1.0 5.0 6.0 4.0 0.0 5.0 5.0 2.0 2.0 1.0 1.0 3.0 3.0 4.0 0.0 6.0 0.0 1.0 6.0 1.0 0.0 1.0 0.0 6.0 1.0 6.0 1.0 3.0 1.0
p116 1.0 5.0 6.0 5.0 3.0 6.0 4.0 5.0 2.0 4.0 6.0 6.0 4.0 1.0 2.0 4.0 2.0 5.0 4.0 0.0 4.0 0.0 3.0 2.0 5.0 0.0 3.0 5.0 2.0 1.0 3.0 2.0 5.0 0.0 2.0 3.0 0.0 0.0 3.0 6.0 1.0 3.0 5.0 6.0 6.0 1.0 4.0 2.0
p117 2.0 3.0 5.0 2.0 6.0 5.0 4.0 0.0 2.0 0.0 0.0 0.0 1.0 2.0 1.0 5.0 1.0 4.0 4.0 2.0 4.0 3.0 3.0 4.0 1.0 1.0 4.0 1.0 5.0 3.0 0.0 4.0 2.0 3.0 3.0 0.0 5.0 2.0 1.0 3.0 6.0 2.0 3.0 2.0 2.0 0.0 1.0 2.0
p118 0.0 6.0 1.0 4.0 2.0 1.0 4.0 4.0 0.0 1.0 1.0 1.0 1.0 0.0 4.0 2.0 4.0 1.0 2.0 2.0 4.0 5.0 3.0 1.0 6.0 2.0 1.0 1.0 5.0 0.0 6.0 0.0 6.0 5.0 2.0 3.0 0.0 5.0 1.0 1.0 3.0 6.0 1.0 2.0 5.0 0.0 0.0 0.0
p119 0.0 2.0 4.0 5.0 3.0 5.0 3.0 3.0 5.0 1.0 6.0 4.0 3.0 2.0 2.0 1.0 4.0 0.0 2.0 5.0 4.0 3.0 6.0 4.0 5.0 5.0 0.0 0.0 2.0 1.0 3.0 1.0 2.0 4.0 2.0 6.0 0.0 1.0 4.0 4.0 3.0 4.0 6.0 3.0 2.0 2.0 6.0 5.0
p120 3.0 1.0 6.0 6.0 1.0 2.0 4.0 5.0 0.0 6.0 5.0 1.0 0.0 5.0 0.0 1.0 4.0 6.0 2.0 0.0 2.0 2.0 2.0 3.0 3.0 0.0 6.0 5.0 0.0 0.0 1.0 1.0 3.0 1.0 0.0 1.0 1.0 0.0 3.0 0.0 4.0 6.0 2.0 5.0 6.0 0.0 6.0 2.0
p121 5.0 6.0 1.0 2.0 4.0 6.0 1.0 1.0 3.0 0.0 1.0 1.0 0.0 4.0 6.0 0.0 6.0 1.0 1.0 2.0 6.0 4.0 4.0 5.0 0.0 4.0 0.0 4.0 3.0 5.0 5.0 6.0 1.0 1.0 1.0 3.0 4.0 3.0 3.0 0.0 1.0 1.0 1.0 3.0 5.0 4.0 0.0 2.0
p122 6.0 1.0 2.0 1.0 3.0 3.0 2.0 0.0 0.0 3.0 2.0 2.0 0.0 6.0 1.0 1.0 3.0 6.0 6.0 2.0 0.0 1.0 2.0 3.0 2.0 1.0 6.0 2.0 3.0 4.0 1.0 0.0 3.0 4.0 3.0 0.0 0.0 1.0 2.0 2.0 0.0 5.0 0.0 5.0 5.0 4.0 4.0 0.0
p123 0.0 6.0 0.0 3.0 1.0 3.0 3.0 1.0 1.0 6.0 0.0 0.0 2.0 1.0 6.0 0.0 0.0 0.0 0.0 3.0 3.0 4.0 0.0 6.0 5.0 0.0 5.0 2.0 3.0 5.0 6.0 2.0 6.0 2.0 2.0 5.0 1.0 1.0 3.0 4.0 1.0 5.0 0.0 6.0 5.0 2.0 5.0 3.0
p124 1.0 3.0 5.0 2.0 0.0 2.0 6.0 4.0 1.0 0.0 5.0 0.0 3.0 5.0 1.0 0.0 2.0 5.0 6.0 0.0 6.0 4.0 2.0 4.0 0.0 1.0 2.0 3.0 2.0 5.0 0.0 4.0 1.0 5.0 6.0 2.0 0.0 1.0 6.0 3.0 3.0 0.0 0.0 0.0 0.0 2.0 4.0 1.0
p125 6.0 3.0 3.0 0.0 0.0 4.0 1.0 1.0 0.0 4.0 3.0 6.0 0.0 1.0 0.0 1.0 4.0 3.0 6.0 3.0 3.0 1.0 4.0 0.0 5.0 0.0 1.0 0.0 4.0 3.0 3.0 0.0 4.0 2.0 6.0 2.0 1.0 2.0 2.0 4.0 2.0 1.0 1.0 0.0 1.0 0.0 5.0 0.0
p126 1.0 6.0 0.0 1.0 6.0 4.0 1.0 2.0 0.0 3.0 5.0 4.0 4.0 4.0 3.0 1.0 1.0 5.0 1.0 6.0 2.0 2.0 4.0 1.0 1.0 1.0 0.0 4.0 4.0 0.0 2.0 1.0 6.0 2.0 5.0 5.0 0.0 1.0 1.0 5.0 4.0 1.0 1.0 6.0 6.0 4.0 5.0 1.0
p127 1.0 5.0 1.0 1.0 1.0 1.0 3.0 3.0 5.0 0.0 2.0 0.0 6.0 1.0 0.0 1.0 5.0 3.0 3.0 0.0 0.0 2.0 4.0 5.0 5.0 2.0 0.0 4.0 0.0 3.0 2.0 4.0 4.0 4.0 1.0 6.0 2.0 4.0 6.0 3.0 3.0 0.0 1.0 1.0 2.0 4.0 4.0 0.0
p128 0.0 6.0 3.0 3.0 5.0 6.0 5.0 5.0 1.0 5.0 0.0 0.0 3.0 6.0 5.0 0.0 3.0 3.0 5.0 2.0 3.0 2.0 6.0 5.0 4.0 2.0 4.0 3.0 4.0 0.0 6.0 6.0 6.0 5.0 0.0 0.0 6.0 4.0 6.0 3.0 1.0 4.0 4.0 5.0 0.0 2.0 0.0 2.0
p129 4.0 6.0 0.0 4.0 3.0 1.0 1.0 1.0 3.0 1.0 3.0 5.0 4.0 5.0 6.0 3.0 5.0 5.0 5.0 2.0 1.0 3.0 0.0 2.0 5.0 6.0 2.0 0.0 6.0 3.0 6.0 2.0 5.0 4.0 0.0 3.0 0.0 4.0 0.0 6.0 0.0 2.0 5.0 1.0 0.0 3.0 3.0 5.0
p130 1.0 4.0 1.0 3.0 4.0 2.0 0.0 0.0 0.0 2.0 2.0 2.0 5.0 6.0 1.0 4.0 3.0 0.0 0.0 0.0 0.0 0.0 4.0 4.0 0.0 0.0 6.0 4.0 0.0 1.0 0.0 0.0 6.0 0.0 0.0 2.0 4.0 6.0 2.0 1.0 5.0 2.0 2.0 6.0 6.0 0.0 6.0 6.0
p131 5.0 1.0 1.0 1.0 0.0 5.0 1.0 1.0 2.0 0.0 5.0 0.0 1.0 4.0 0.0 5.0 1.0 5.0 0.0 2.0 1.0 2.0 1.0 2.0 1.0 3.0 6.0 6.0 3.0 1.0 1.0 5.0 3.0 4.0 1.0 0.0 2.0 5.0 2.0 4.0 5.0 4.0 0.0 0.0 3.0 1.0 0.0 5.0
p132 1.0 5.0 1.0 1.0 3.0 1.0 1.0 6.0 0.0 3.0 6.0 1.0 6.0 5.0 1.0 4.0 3.0 2.0 5.0 0.0 3.0 5.0 3.0 0.0 0.0 2.0 0.0 1.0 0.0 2.0 4.0 3.0 6.0 2.0 2.0 3.0 5.0 2.0 6.0 5.0 0.0 1.0 1.0 6.0 3.0 1.0 4.0 5.0
p133 5.0 0.0 6.0 4.0 4.0 1.0 6.0 6.0 5.0 3.0 0.0 3.0 4.0 1.0 0.0 6.0 1.0 1.0 1.0 6.0 3.0 5.0 1.0 3.0 6.0 3.0 6.0 0.0 0.0 3.0 6.0 1.0 4.0 6.0 2.0 6.0 6.0 1.0 6.0 4.0 2.0 1.0 2.0 4.0 5.0 6.0 0.0 2.0
p134 2.0 2.0 2.0 6.0 1.0 1.0 1.0 6.0 5.0 1.0 1.0 3.0 4.0 1.0 6.0 1.0 4.0 5.0 0.0 2.0 0.0 3.0 2.0 4.0 2.0 4.0 6.0 3.0 2.0 3.0 3.0 2.0 5.0 0.0 4.0 4.0 2.0 2.0 1.0 0.0 0.0 5.0 3.0 0.0 4.0 0.0 3.0 5.0
p135 1.0 6.0 4.0 2.0 2.0 2.0 5.0 6.0 5.0 6.0 2.0 0.0 0.0 3.0 5.0 1.0 2.0 3.0 1.0 0.0 4.0 3.0 0.0 3.0 3.0 5.0 1.0 6.0 4.0 1.0 3.0 1.0 3.0 5.0 1.0 3.0 0.0 1.0 4.0 2.0 1.0 6.0 1.0 3.0 5.0 3.0 2.0 4.0
p136 3.0 2.0 5.0 2.0 4.0 4.0 0.0 4.0 3.0 1.0 3.0 0.0 4.0 6.0 3.0 3.0 5.0 4.0 5.0 0.0 3.0 2.0 4.0 3.0 3.0 5.0 5.0 5.0 6.0 1.0 0.0 0.0 0.0 6.0 6.0 4.0 6.0 3.0 6.0 0.0 0.0 0.0 5.0 0.0 2.0 3.0 3.0 0.0
p137 4.0 5.0 6.0 2.0 0.0 6.0 3.0 5.0 1.0 4.0 1.0 1.0 3.0 4.0 4.0 6.0 6.0 0.0 2.0 3.0 4.0 4.0 3.0 4.0 5.0 0.0 5.0 5.0 4.0 1.0 1.0 3.0 0.0 4.0 3.0 4.0 0.0 5.0 0.0 2.0 3.0 0.0 1.0 4.0 3.0 5.0 2.0 5.0
p138 3.0 1.0 1.0 3.0 2.0 0.0 3.0 5.0 1.0 0.0 4.0 1.0 0.0 5.0 3.0 2.0 2.0 6.0 0.0 1.0 5.0 4.0 2.0 5.0 6.0 0.0 3.0 6.0 2.0 6.0 1.0 3.0 0.0 5.0 3.0 1.0 2.0 2.0 1.0 4.0 6.0 4.0 6.0 4.0 3.0 1.0 1.0 5.0
p139 5.0 1.0 5.0 6.0 0.0 2.0 2.0 1.0 3.0 2.0 4.0 1.0 2.0 6.0 3.0 2.0 1.0 1.0 5.0 0.0 1.0 4.0 6.0 5.0 1.0 4.0 2.0 2.0 5.0 2.0 1.0 2.0 0.0 4.0 3.0 0.0 0.0 3.0 3.0 3.0 4.0 2.0 4.0 3.0 6.0 4.0 5.0 0.0
p140 0.0 0.0 3.0 0.0 6.0 5.0 0.0 2.0 0.0 0.0 2.0 3.0 4.0 0.0 0.0 5.0 2.0 6.0 3.0 4.0 6.0 1.0 5.0 4.0 5.0 0.0 1.0 3.0 6.0 0.0 4.0 3.0 1.0 2.0 5.0 0.0 0.0 1.0 6.0 5.0 4.0 2.0 3.0 6.0 6.0 0.0 5.0 4.0
p141 6.0 5.0 2.0 5.0 3.0 0.0 2.0 6.0 3.0 2.0 0.0 5.0 4.0 4.0 2.0 6.0 0.0 1.0 5.0 3.0 1.0 6.0 6.0 4.0 2.0 0.0 1.0 2.0 6.0 2.0 0.0 2.0 5.0 5.0 5.0 2.0 3.0 1.0 3.0 5.0 2.0 3.0 1.0 6.0 3.0 2.0 0.0 2.0
p142 3.0 6.0 5.0 1.0 2.0 6.0 4.0 6.0 5.0 4.0 6.0 4.0 5.0 3.0 0.0 0.0 1.0 0.0 2.0 5.0 0.0 3.0 0.0 6.0 1.0 5.0 1.0 1.0 6.0 0.0 1.0 1.0 2.0 5.0 1.0 3.0 0.0 0.0 5.0 6.0 2.0 4.0 5.0 0.0 5.0 1.0 0.0 6.0
p143 6.0 3.0 5.0 6.0 5.0 2.0 6.0 4.0 3.0 0.0 6.0 4.0 6.0 3.0 6.0 3.0 0.0 5.0 6.0 0.0 2.0 0.0 1.0 0.0 0.0 2.0 1.0 5.0 1.0 4.0 3.0 4.0 3.0 3.0 0.0 5.0 5.0 4.0 4.0 6.0 1.0 1.0 0.0 1.0 0.0 4.0 1.0 0.0
p144 1.0 2.0 5.0 3.0 4.0 3.0 3.0 0.0 0.0 6.0 5.0 1.0 1.0 3.0 3.0 3.0 4.0 5.0 1.0 0.0 3.0 4.0 2.0 0.0 4.0 1.0 2.0 1.0 3.0 0.0 2.0 1.0 2.0 4.0 0.0 0.0 2.0 3.0 3.0 4.0 0.0 2.0 6.0 5.0 0.0 2.0 6.0 2.0
p145 6.0 4.0 6.0 1.0 0.0 3.0 6.0 1.0 2.0 0.0 2.0 4.0 5.0 5.0 0.0 3.0 3.0 1.0 1.0 2.0 5.0 1.0 3.0 0.0 1.0 4.0 5.0 4.0 0.0 5.0 3.0 0.0 4.0 2.0 0.0 0.0 6.0 3.0 6.0 0.0 5.0 4.0 2.0 0.0 1.0 0.0 2.0 3.0
p146 4.0 3.0 5.0 0.0 5.0 3.0 2.0 2.0 4.0 0.0 6.0 3.0 1.0 4.0 6.0 0.0 5.0 3.0 5.0 3.0 3.0 3.0 1.0 1.0 5.0 1.0 2.0 6.0 1.0 3.0 5.0 4.0 1.0 5.0 3.0 3.0 2.0 0.0 3.0 1.0 3.0 2.0 0.0 6.0 3.0 3.0 6.0 5.0
p147 2.0 4.0 2.0 0.0 6.0 1.0 3.0 6.0 0.0 3.0 1.0 4.0 6.0 1.0 0.0 6.0 4.0 3.0 0.0 6.0 4.0 2.0 0.0 6.0 2.0 1.0 4.0 4.0 5.0 4.0 5.0 5.0 1.0 5.0 1.0 0.0 6.0 5.0 0.0 4.0 3.0 5.0 3.0 5.0 3.0 5.0 5.0 6.0
p148 3.0 0.0 3.0 6.0 1.0 3.0 1.0 4.0 5.0 5.0 5.0 0.0 2.0 6.0 5.0 2.0 1.0 3.0 6.0 3.0 2.0 0.0 4.0 4.0 1.0 4.0 4.0 0.0 5.0 1.0 5.0 3.0 6.0 3.0 6.0 2.0 3.0 0.0 2.0 3.0 4.0 0.0 1.0 1.0 3.0 1.0 1.0 0.0
p149 2.0 4.0 4.0 5.0 2.0 2.0 4.0 6.0 3.0 0.0 3.0 0.0 3.0 2.0 0.0 0.0 2.0 2.0 1.0 5.0 1.0 0.0 1.0 0.0 0.0 6.0 2.0 0.0 4.0 5.0 2.0 2.0 3.0 2.0 4.0 0.0 2.0 4.0 1.0 1.0 4.0 6.0 2.0 1.0 0.0 0.0 1.0 2.0
p150 5.0 0.0 6.0 4.0 5.0 0.0 3.0 6.0 3.0 5.0 3.0 2.0 0.0 6.0 3.0 4.0 2.0 5.0 5.0 2.0 1.0 5.0 6.0 1.0 4.0 4.0 6.0 6.0 2.0 4.0 1.0 1.0 5.0 4.0 6.0 0.0 1.0 1.0 1.0 1.0 4.0 0.0 1.0 0.0 1.0 4.0 4.0 3.0
p151 2.0 1.0 6.0 5.0 1.0 6.0 1.0 3.0 1.0 6.0 1.0 0.0 0.0 5.0 1.0 2.0 3.0 5.0 6.0 3.0 2.0 4.0 1.0 6.0 2.0 1.0 4.0 5.0 0.0 1.0 2.0 4.0 1.0 4.0 2.0 1.0 4.0 0.0 4.0 1.0 3.0 4.0 3.0 2.0 0.0 4.0 6.0 0.0
p152 2.0 0.0 3.0 2.0 5.0 4.0 0.0 2.0 0.0 1.0 1.0 0.0 1.0 0.0 6.0 5.0 4.0 5.0 1.0 1.0 3.0 2.0 0.0 0.0 4.0 6.0 4.0 4.0 3.0 0.0 1.0 0.0 1.0 2.0 0.0 5.0 0.0 4.0 4.0 0.0 5.0 2.0 1.0 4.0 5.0 2.0 5.0 2.0
p153 1.0 1.0 0.0 0.0 2.0 6.0 0.0 1.0 5.0 4.0 0.0 3.0 3.0 6.0 0.0 1.0 4.0 0.0 1.0 1.0 0.0 6.0 0.0 5.0 1.0 0.0 1.0 0.0 1.0 4.0 5.0 3.0 2.0 1.0 3.0 6.0 2.0 1.0 2.0 0.0 3.0 2.0 1.0 5.0 5.0 1.0 3.0 4.0
p154 0.0 6.0 0.0 6.0 4.0 0.0 2.0 0.0 1.0 0.0 5.0 2.0 6.0 4.0 3.0 1.0 2.0 6.0 3.0 5.0 1.0 4.0 0.0 0.0 0.0 2.0 0.0 0.0 2.0 3.0 1.0 4.0 0.0 1.0 0.0 0.0 0.0 1.0 5.0 4.0 5.0 5.0 0.0 4.0 1.0 2.0 0.0 1.0
p155 4.0 3.0 2.0 2.0 1.0 1.0 1.0 1.0 2.0 3.0 1.0 0.0 0.0 1.0 4.0 5.0 0.0 6.0 0.0 2.0 3.0 0.0 3.0 3.0 1.0 0.0 3.0 3.0 6.0 2.0 3.0 4.0 6.0 4.0 1.0 6.0 3.0 1.0 4.0 3.0 1.0 0.0 6.0 3.0 0.0 2.0 3.0 3.0
p156 5.0 3.0 1.0 1.0 0.0 2.0 1.0 2.0 0.0 4.0 3.0 4.0 3.0 1.0 1.0 4.0 4.0 3.0 4.0 0.0 1.0 4.0 3.0 4.0 0.0 1.0 3.0 4.0 2.0 4.0 4.0 5.0 3.0 1.0 5.0 0.0 6.0 5.0 2.0 2.0 0.0 4.0 4.0 4.0 1.0 1.0 0.0 6.0
p157 3.0 2.0 4.0 2.0 0.0 4.0 6.0 4.0 5.0 1.0 3.0 1.0 3.0 0.0 0.0 2.0 0.0 1.0 2.0 3.0 3.0 6.0 6.0 0.0 1.0 1.0 1.0 6.0 3.0 0.0 3.0 3.0 0.0 1.0 1.0 0.0 1.0 6.0 3.0 6.0 2.0 0.0 6.0 2.0 5.0 6.0 5.0 5.0
p158 5.0 3.0 0.0 5.0 5.0 1.0 1.0 4.0 1.0 1.0 1.0 3.0 1.0 3.0 4.0 0.0 1.0 4.0 1.0 0.0 2.0 1.0 1.0 2.0 2.0 1.0 2.0 2.0 2.0 5.0 0.0 1.0 2.0 1.0 3.0 5.0 6.0 3.0 1.0 0.0 5.0 4.0 1.0 0.0 1.0 0.0 2.0 4.0
p159 1.0 6.0 3.0 1.0 2.0 5.0 4.0 0.0 2.0 5.0 3.0 3.0 1.0 1.0 6.0 0.0 0.0 6.0 5.0 4.0 0.0 3.0 0.0 2.0 1.0 1.0 2.0 4.0 3.0 6.0 5.0 0.0 0.0 1.0 0.0 2.0 3.0 6.0 1.0 0.0 4.0 3.0 2.0 0.0 1.0 3.0 3.0 1.0
p160 5.0 2.0 2.0 1.0 0.0 4.0 0.0 3.0 0.0 3.0 0.0 1.0 1.0 6.0 0.0 5.0 3.0 2.0 3.0 1.0 5.0 2.0 3.0 1.0 6.0 6.0 0.0 4.0 0.0 2.0 0.0 5.0 6.0 0.0 1.0 2.0 2.0 2.0 3.0 3.0 1.0 1.0 6.0 2.0 4.0 1.0 4.0 3.0
p161 5.0 6.0 2.0 3.0 4.0 2.0 3.0 4.0 0.0 0.0 6.0 4.0 3.0 5.0 3.0 1.0 3.0 3.0 0.0 1.0 4.0 3.0 5.0 6.0 4.0 0.0 3.0 1.0 2.0 2.0 5.0 3.0 0.0 0.0 2.0 1.0 4.0 1.0 0.0 1.0 3.0 4.0 1.0 0.0 6.0 4.0 3.0 4.0
p162 0.0 3.0 1.0 5.0 0.0 4.0 0.0 6.0 6.0 1.0 1.0 1.0 6.0 2.0 0.0 1.0 2.0 0.0 5.0 3.0 2.0 2.0 6.0 1.0 3.0 4.0 3.0 5.0 6.0 2.0 6.0 3.0 0.0 5.0 4.0 2.0 1.0 4.0 6.0 1.0 1.0 3.0 5.0 6.0 3.0 6.0 1.0 0.0
p163 1.0 1.0 0.0 2.0 2.0 2.0 0.0 4.0 0.0 3.0 0.0 6.0 0.0 3.0 4.0 5.0 1.0 5.0 2.0 4.0 1.0 6.0 1.0 1.0 3.0 5.0 2.0 2.0 6.0 6.0 5.0 5.0 0.0 2.0 0.0 3.0 3.0 1.0 5.0 5.0 3.0 3.0 0.0 3.0 2.0 0.0 2.0 3.0
p164 2.0 6.0 4.0 2.0 3.0 5.0 5.0 2.0 0.0 5.0 0.0 1.0 1.0 6.0 0.0 5.0 0.0 5.0 1.0 1.0 3.0 6.0 1.0 0.0 4.0 5.0 4.0 1.0 4.0 5.0 0.0 5.0 5.0 2.0 4.0 3.0 1.0 1.0 0.0 1.0 1.0 3.0 0.0 1.0 6.0 3.0 0.0 2.0
p165 3.0 6.0 2.0 4.0 0.0 1.0 6.0 6.0 3.0 3.0 5.0 3.0 5.0 5.0 4.0 0.0 4.0 6.0 0.0 1.0 1.0 6.0 0.0 3.0 5.0 4.0 0.0 6.0 2.0 4.0 2.0 1.0 6.0 3.0 0.0 0.0 4.0 3.0 2.0 4.0 3.0 4.0 3.0 0.0 0.0 4.0 2.0 6.0
p166 3.0 2.0 2.0 1.0 0.0 6.0 1.0 6.0 3.0 3.0 2.0 2.0 3.0 1.0 5.0 3.0 0.0 2.0 5.0 4.0 3.0 2.0 3.0 4.0 5.0 1.0 1.0 3.0 3.0 1.0 5.0 0.0 1.0 1.0 3.0 6.0 3.0 0.0 3.0 5.0 4.0 5.0 1.0 6.0 2.0 3.0 6.0 4.0
p167 6.0 2.0 6.0 2.0 0.0 5.0 5.0 4.0 4.0 5.0 5.0 3.0 4.0 3.0 0.0 1.0 6.0 0.0 0.0 3.0 6.0 3.0 6.0 2.0 4.0 5.0 6.0 2.0 2.0 4.0 5.0 5.0 2.0 2.0 5.0 2.0 6.0 2.0 5.0 4.0 3.0 2.0 4.0 4.0 0.0 2.0 0.0 2.0
p168 1.0 2.0 3.0 6.0 3.0 2.0 3.0 2.0 3.0 4.0 3.0 4.0 4.0 5.0 0.0 0.0 4.0 5.0 1.0 3.0 2.0 5.0 0.0 0.0 4.0 1.0 4.0 3.0 0.0 0.0 0.0 5.0 6.0 4.0 6.0 1.0 3.0 0.0 0.0 2.0 4.0 0.0 3.0 0.0 4.0 4.0 3.0 1.0
p169 6.0 1.0 0.0 1.0 4.0 3.0 1.0 0.0 4.0 1.0 4.0 2.0 0.0 2.0 4.0 0.0 4.0 0.0 0.0 5.0 1.0 4.0 3.0 1.0 4.0 4.0 1.0 2.0 5.0 6.0 3.0 6.0 2.0 0.0 2.0 0.0 2.0 1.0 2.0 2.0 4.0 2.0 1.0 2.0 2.0 2.0 1.0 0.0
p170 0.0 3.0 2.0 5.0 0.0 4.0 2.0 2.0 1.0 5.0 4.0 6.0 4.0 0.0 3.0 2.0 6.0 1.0 2.0 2.0 1.0 3.0 2.0 3.0 6.0 2.0 2.0 0.0 1.0 2.0 5.0 5.0 5.0 2.0 5.0 1.0 4.0 6.0 4.0 1.0 3.0 2.0 2.0 0.0 6.0 4.0 5.0 0.0
p171 2.0 1.0 4.0 2.0 6.0 3.0 1.0 4.0 4.0 2.0 4.0 6.0 5.0 3.0 6.0 3.0 1.0 1.0 2.0 0.0 2.0 6.0 1.0 6.0 1.0 1.0 0.0 2.0 6.0 2.0 6.0 2.0 0.0 2.0 2.0 2.0 6.0 5.0 6.0 2.0 4.0 0.0 0.0 5.0 0.0 5.0 1.0 0.0
p172 5.0 2.0 5.0 2.0 5.0 1.0 2.0 0.0 2.0 4.0 0.0 0.0 5.0 6.0 3.0 1.0 0.0 5.0 2.0 6.0 5.0 4.0 1.0 3.0 5.0 4.0 6.0 3.0 5.0 3.0 3.0 3.0 1.0 4.0 3.0 0.0 1.0 3.0 1.0 1.0 0.0 0.0 6.0 2.0 6.0 1.0 3.0 0.0
p173 5.0 6.0 6.0 4.0 2.0 1.0 3.0 5.0 1.0 4.0 0.0 1.0 0.0 4.0 1.0 0.0 0.0 0.0 1.0 3.0 2.0 4.0 2.0 0.0 2.0 2.0 6.0 5.0 2.0 5.0 5.0 4.0 1.0 1.0 3.0 6.0 6.0 1.0 2.0 0.0 3.0 4.0 2.0 5.0 3.0 2.0 5.0 0.0
p174 5.0 6.0 6.0 6.0 1.0 1.0 2.0 5.0 1.0 2.0 2.0 3.0 6.0 0.0 1.0 5.0 5.0 0.0 4.0 4.0 2.0 1.0 2.0 5.0 0.0 2.0 2.0 0.0 6.0 1.0 2.0 3.0 5.0 3.0 4.0 0.0 6.0 4.0 4.0 5.0 2.0 3.0 4.0 1.0 1.0 1.0 5.0 5.0
p175 3.0 2.0 0.0 5.0 6.0 2.0 2.0 4.0 5.0 6.0 3.0 0.0 5.0 0.0 4.0 1.0 5.0 2.0 5.0 1.0 2.0 5.0 5.0 2.0 2.0 3.0 2.0 1.0 6.0 1.0 0.0 5.0 2.0 3.0 5.0 6.0 1.0 2.0 4.0 3.0 5.0 0.0 0.0 5.0 0.0 0.0 3.0 1.0
p176 1.0 4.0 2.0 1.0 0.0 5.0 1.0 3.0 4.0 2.0 0.0 3.0 3.0 3.0 3.0 0.0 3.0 1.0 3.0 6.0 3.0 2.0 6.0 6.0 2.0 6.0 1.0 6.0 6.0 3.0 6.0 3.0 1.0 4.0 5.0 5.0 0.0 1.0 2.0 6.0 2.0 6.0 2.0 6.0 2.0 6.0 6.0 1.0
p177 5.0 0.0 6.0 6.0 3.0 2.0 0.0 6.0 4.0 0.0 5.0 1.0 2.0 0.0 3.0 1.0 6.0 0.0 2.0 5.0 3.0 2.0 0.0 2.0 2.0 6.0 3.0 5.0 5.0 6.0 3.0 6.0 2.0 1.0 2.0 1.0 2.0 4.0 1.0 4.0 1.0 4.0 5.0 0.0 4.0 5.0 3.0 5.0
p178 4.0 3.0 2.0 6.0 1.0 1.0 2.0 4.0 4.0 6.0 6.0 5.0 5.0 2.0 3.0 3.0 2.0 2.0 6.0 0.0 2.0 2.0 3.0 0.0 0.0 6.0 1.0 5.0 1.0 3.0 4.0 2.0 4.0 4.0 4.0 5.0 1.0 1.0 2.0 0.0 0.0 1.0 3.0 5.0 2.0 4.0 0.0 0.0
p179 3.0 1.0 0.0 2.0 5.0 4.0 3.0 1.0 0.0 6.0 3.0 0.0 6.0 1.0 3.0 1.0 6.0 1.0 6.0 3.0 5.0 0.0 2.0 0.0 2.0 3.0 2.0 0.0 2.0 6.0 0.0 6.0 4.0 3.0 2.0 1.0 1.0 1.0 5.0 1.0 3.0 4.0 4.0 5.0 3.0 0.0 2.0 0.0
p180 3.0 6.0 4.0 6.0 6.0 0.0 0.0 1.0 2.0 0.0 0.0 0.0 5.0 5.0 1.0 0.0 5.0 4.0 2.0 2.0 3.0 2.0 2.0 4.0 5.0 3.0 5.0 0.0 0.0 1.0 5.0 5.0 0.0 2.0 3.0 3.0 3.0 1.0 4.0 5.0 2.0 0.0 1.0 0.0 2.0 1.0 2.0 6.0
p181 1.0 1.0 6.0 2.0 6.0 5.0 3.0 6.0 1.0 5.0 1.0 3.0 2.0 3.0 0.0 3.0 0.0 0.0 6.0 0.0 5.0 1.0 5.0 5.0 4.0 0.0 5.0 0.0 0.0 6.0 0.0 3.0 5.0 5.0 3.0 4.0 2.0 1.0 2.0 5.0 1.0 5.0 5.0 4.0 0.0 4.0 5.0 4.0
p182 0.0 0.0 1.0 2.0 2.0 6.0 5.0 4.0 3.0 2.0 3.0 1.0 1.0 6.0 4.0 5.0 5.0 5.0 1.0 1.0 3.0 1.0 0.0 4.0 5.0 6.0 5.0 2.0 1.0 3.0 1.0 5.0 0.0 0.0 1.0 3.0 2.0 5.0 5.0 4.0 1.0 5.0 5.0 3.0 2.0 6.0 0.0 4.0
p183 6.0 3.0 0.0 1.0 4.0 2.0 3.0 4.0 1.0 0.0 0.0 1.0 4.0 3.0 0.0 2.0 4.0 3.0 5.0 3.0 6.0 6.0 4.0 1.0 4.0 4.0 4.0 2.0 0.0 5.0 3.0 2.0 4.0 5.0 5.0 0.0 2.0 5.0 2.0 1.0 2.0 0.0 5.0 6.0 1.0 3.0 5.0 4.0
p184 1.0 2.0 4.0 1.0 1.0 0.0 0.0 6.0 3.0 2.0 2.0 5.0 5.0 1.0 3.0 6.0 0.0 3.0 1.0 4.0 4.0 0.0 4.0 6.0 6.0 6.0 6.0 1.0 2.0 3.0 0.0 2.0 1.0 2.0 5.0 1.0 4.0 3.0 2.0 1.0 5.0 0.0 0.0 0.0 6.0 6.0 0.0 0.0
p185 2.0 1.0 2.0 5.0 6.0 1.0 0.0 4.0 2.0 0.0 2.0 4.0 3.0 6.0 5.0 0.0 1.0 5.0 5.0 3.0 3.0 3.0 1.0 5.0 1.0 5.0 4.0 1.0 3.0 3.0 1.0 4.0 1.0 1.0 1.0 5.0 3.0 2.0 0.0 2.0 0.0 0.0 2.0 4.0 0.0 2.0 0.0 0.0
p186 2.0 5.0 2.0 5.0 0.0 5.0 4.0 4.0 5.0 2.0 2.0 4.0 6.0 1.0 2.0 1.0 5.0 6.0 6.0 2.0 0.0 2.0 1.0 3.0 2.0 1.0 5.0 1.0 1.0 1.0 0.0 2.0 3.0 0.0 4.0 6.0 5.0 1.0 0.0 2.0 1.0 4.0 0.0 3.0 4.0 1.0 2.0 2.0
p187 5.0 5.0 0.0 5.0 1.0 3.0 0.0 0.0 0.0 1.0 0.0 0.0 5.0 4.0 1.0 0.0 4.0 4.0 2.0 0.0 1.0 1.0 6.0 2.0 1.0 0.0 4.0 5.0 3.0 3.0 5.0 1.0 5.0 0.0 1.0 1.0 3.0 4.0 0.0 6.0 2.0 0.0 1.0 6.0 0.0 0.0 2.0 0.0
p188 3.0 5.0 2.0 3.0 5.0 6.0 4.0 6.0 2.0 0.0 1.0 2.0 4.0 0.0 4.0 1.0 2.0 4.0 1.0 6.0 0.0 2.0 6.0 1.0 0.0 0.0 1.0 1.0 0.0 1.0 1.0 3.0 2.0 5.0 0.0 6.0 3.0 2.0 0.0 3.0 3.0 0.0 1.0 4.0 2.0 0.0 3.0 0.0
p189 3.0 4.0 0.0 0.0 5.0 6.0 5.0 2.0 5.0 2.0 0.0 1.0 2.0 6.0 1.0 4.0 3.0 6.0 1.0 0.0 6.0 0.0 4.0 5.0 5.0 5.0 6.0 6.0 1.0 2.0 4.0 5.0 3.0 0.0 4.0 5.0 4.0 3.0 4.0 0.0 5.0 4.0 5.0 2.0 0.0 3.0 1.0 6.0
p190 2.0 2.0 2.0 1.0 2.0 2.0 4.0 1.0 3.0 0.0 4.0 1.0 0.0 5.0 0.0 6.0 3.0 4.0 3.0 0.0 5.0 0.0 3.0 2.0 4.0 1.0 6.0 4.0 0.0 2.0 0.0 2.0 1.0 6.0 6.0 1.0 4.0 3.0 1.0 0.0 4.0 1.0 4.0 3.0 0.0 0.0 0.0 0.0
p191 2.0 3.0 1.0 4.0 0.0 2.0 6.0 6.0 0.0 3.0 5.0 4.0 5.0 5.0 3.0 1.0 1.0 0.0 2.0 1.0 4.0 6.0 5.0 4.0 0.0 5.0 2.0 2.0 2.0 4.0 3.0 6.0 1.0 1.0 2.0 3.0 1.0 4.0 5.0 0.0 2.0 0.0 1.0 4.0 2.0 1.0 0.0 2.0
p192 1.0 1.0 5.0 6.0 5.0 3.0 6.0 4.0 2.0 3.0 5.0 1.0 5.0 5.0 1.0 1.0 3.0 4.0 6.0 5.0 2.0 5.0 0.0 0.0 5.0 0.0 3.0 6.0 5.0 5.0 6.0 4.0 3.0 2.0 1.0 1.0 3.0 4.0 5.0 2.0 1.0 6.0 6.0 5.0 3.0 3.0 3.0 1.0
p193 5.0 5.0 6.0 5.0 4.0 2.0 0.0 6.0 3.0 2.0 5.0 1.0 3.0 2.0 0.0 0.0 6.0 0.0 0.0 0.0 1.0 4.0 6.0 1.0 1.0 6.0 6.0 2.0 0.0 1.0 5.0 4.0 6.0 6.0 3.0 4.0 5.0 3.0 2.0 2.0 1.0 3.0 1.0 2.0 4.0 2.0 0.0 4.0
p194 3.0 2.0 4.0 3.0 5.0 0.0 1.0 1.0 3.0 5.0 0.0 1.0 2.0 1.0 4.0 2.0 0.0 5.0 0.0 3.0 3.0 3.0 0.0 2.0 0.0 2.0 1.0 5.0 3.0 5.0 0.0 2.0 5.0 6.0 0.0 6.0 0.0 1.0 2.0 6.0 3.0 4.0 0.0 6.0 4.0 0.0 3.0 1.0
p195 0.0 4.0 5.0 6.0 0.0 2.0 6.0 0.0 6.0 6.0 4.0 6.0 5.0 3.0 0.0 2.0 1.0 0.0 3.0 6.0 3.0 1.0 0.0 6.0 2.0 1.0 6.0 0.0 3.0 2.0 0.0 4.0 2.0 6.0 5.0 2.0 4.0 2.0 0.0 2.0 4.0 0.0 1.0 3.0 3.0 4.0 1.0 5.0
p196 2.0 6.0 1.0 0.0 5.0 1.0 2.0 5.0 1.0 6.0 2.0 5.0 2.0 3.0 4.0 3.0 6.0 2.0 5.0 6.0 3.0 1.0 2.0 6.0 0.0 4.0 4.0 5.0 4.0 4.0 6.0 1.0 2.0 5.0 3.0 4.0 3.0 2.0 6.0 0.0 5.0 6.0 0.0 0.0 3.0 6.0 0.0 2.0
p197 0.0 1.0 1.0 1.0 2.0 0.0 3.0 0.0 1.0 5.0 0.0 4.0 4.0 1.0 6.0 4.0 1.0 5.0 2.0 6.0 3.0 2.0 4.0 5.0 3.0 2.0 3.0 4.0 1.0 2.0 0.0 0.0 4.0 1.0 0.0 1.0 1.0 1.0 0.0 4.0 4.0 0.0 0.0 6.0 0.0 2.0 3.0 6.0
p198 6.0 0.0 6.0 2.0 3.0 4.0 3.0 3.0 1.0 4.0 4.0 1.0 6.0 2.0 3.0 2.0 2.0 6.0 0.0 0.0 0.0 4.0 0.0 1.0 5.0 0.0 6.0 1.0 4.0 3.0 1.0 2.0 3.0 5.0 1.0 4.0 5.0 6.0 0.0 5.0 1.0 4.0 5.0 0.0 6.0 4.0 1.0 0.0
p199 3.0 1.0 0.0 6.0 6.0 6.0 3.0 2.0 3.0 0.0 1.0 4.0 3.0 2.0 1.0 2.0 2.0 4.0 2.0 4.0 5.0 5.0 5.0 6.0 6.0 6.0 1.0 6.0 1.0 5.0 3.0 4.0 4.0 0.0 4.0 0.0 1.0 0.0 0.0 1.0 6.0 1.0 3.0 3.0 1.0 5.0 2.0 4.0
p200 6.0 2.0 6.0 5.0 4.0 4.0 5.0 1.0 5.0 1.0 5.0 2.0 0.0 3.0 1.0 0.0 0.0 6.0 6.0 5.0 3.0 4.0 1.0 3.0 1.0 0.0 0.0 3.0 0.0 1.0 4.0 6.0 4.0 0.0 3.0 1.0 4.0 6.0 4.0 5.0 2.0 1.0 4.0 4.0 6.0 2.0 0.0 1.0
p201 3.0 3.0 6.0 2.0 0.0 4.0 2.0 6.0 4.0 5.0 4.0 0.0 2.0 5.0 4.0 2.0 6.0 0.0 1.0 2.0 2.0 3.0 5.0 0.0 4.0 1.0 2.0 2.0 3.0 0.0 2.0 4.0 0.0 3.0 3.0 5.0 4.0 6.0 5.0 6.0 4.0 0.0 0.0 3.0 2.0 4.0 2.0 4.0
p202 0.0 4.0 3.0 4.0 4.0 6.0 2.0 4.0 5.0 1.0 1.0 4.0 4.0 2.0 1.0 6.0 3.0 2.0 1.0 4.0 6.0 4.0 6.0 0.0 4.0 4.0 2.0 3.0 6.0 0.0 2.0 2.0 2.0 0.0 5.0 1.0 3.0 0.0 2.0 0.0 5.0 3.0 0.0 0.0 1.0 4.0 2.0 5.0
p203 5.0 5.0 2.0 3.0 2.0 5.0 2.0 1.0 2.0 6.0 1.0 2.0 6.0 6.0 4.0 0.0 1.0 2.0 3.0 1.0 1.0 3.0 4.0 0.0 4.0 6.0 3.0 4.0 2.0 2.0 4.0 1.0 0.0 3.0 0.0 4.0 0.0 1.0 6.0 1.0 2.0 5.0 4.0 6.0 3.0 3.0 3.0 0.0
p204 0.0 6.0 4.0 0.0 6.0 0.0 3.0 4.0 4.0 2.0 2.0 0.0 0.0 1.0 4.0 6.0 2.0 5.0 6.0 3.0 2.0 1.0 3.0 5.0 1.0 0.0 2.0 1.0 2.0 2.0 3.0 2.0 4.0 6.0 2.0 5.0 2.0 0.0 3.0 5.0 4.0 6.0 0.0 3.0 0.0 6.0 0.0 4.0
p205 4.0 6.0 3.0 5.0 5.0 2.0 0.0 0.0 4.0 1.0 0.0 2.0 2.0 2.0 5.0 0.0 4.0 0.0 4.0 0.0 0.0 0.0 3.0 2.0 2.0 2.0 2.0 0.0 1.0 6.0 2.0 2.0 3.0 2.0 0.0 2.0 3.0 6.0 4.0 2.0 2.0 4.0 4.0 1.0 0.0 3.0 6.0 4.0
p206 4.0 0.0 4.0 0.0 2.0 3.0 2.0 1.0 4.0 6.0 6.0 4.0 6.0 0.0 1.0 5.0 0.0 0.0 4.0 2.0 4.0 2.0 3.0 3.0 1.0 5.0 3.0 4.0 3.0 3.0 5.0 2.0 4.0 1.0 2.0 4.0 3.0 3.0 5.0 3.0 2.0 4.0 5.0 6.0 0.0 1.0 0.0 0.0
p207 4.0 5.0 5.0 1.0 5.0 2.0 1.0 6.0 2.0 1.0 1.0 0.0 1.0 4.0 4.0 3.0 0.0 5.0 1.0 3.0 2.0 5.0 0.0 1.0 1.0 2.0 1.0 5.0 6.0 1.0 0.0 3.0 3.0 1.0 4.0 6.0 1.0 6.0 2.0 2.0 0.0 5.0 6.0 3.0 6.0 2.0 4.0 0.0
p208 2.0 3.0 3.0 6.0 2.0 0.0 5.0 0.0 3.0 1.0 1.0 3.0 3.0 1.0 4.0 4.0 0.0 1.0 0.0 2.0 2.0 4.0 5.0 1.0 6.0 3.0 2.0 5.0 0.0 1.0 6.0 2.0 3.0 1.0 2.0 2.0 1.0 6.0 0.0 2.0 2.0 2.0 0.0 3.0 3.0 3.0 1.0 0.0
p209 3.0 1.0 0.0 3.0 5.0 2.0 1.0 1.0 3.0 3.0 1.0 5.0 5.0 6.0 1.0 4.0 4.0 3.0 1.0 6.0 4.0 6.0 1.0 0.0 3.0 1.0 6.0 3.0 4.0 3.0 4.0 3.0 1.0 1.0 3.0 2.0 1.0 0.0 2.0 0.0 0.0 2.0 5.0 6.0 4.0 5.0 5.0 4.0
p210 0.0 6.0 2.0 1.0 3.0 4.0 4.0 5.0 0.0 1.0 0.0 1.0 2.0 3.0 0.0 1.0 4.0 6.0 4.0 0.0 0.0 1.0 0.0 0.0 6.0 4.0 1.0 4.0 5.0 2.0 5.0 4.0 4.0 5.0 0.0 6.0 4.0 5.0 0.0 5.0 0.0 2.0 2.0 5.0 1.0 4.0 2.0 2.0
p211 2.0 0.0 0.0 6.0 0.0 3.0 5.0 2.0 0.0 5.0 6.0 6.0 4.0 2.0 5.0 4.0 1.0 2.0 5.0 1.0 4.0 2.0 4.0 2.0 6.0 5.0 2.0 6.0 1.0 1.0 1.0 4.0 3.0 3.0 4.0 4.0 4.0 0.0 0.0 5.0 2.0 5.0 2.0 3.0 5.0 3.0 2.0 6.0
p212 6.0 5.0 4.0 1.0 4.0 3.0 1.0 2.0 1.0 3.0 0.0 3.0 2.0 1.0 4.0 0.0 1.0 0.0 4.0 3.0 4.0 0.0 0.0 2.0 1.0 4.0 1.0 2.0 6.0 4.0 4.0 2.0 2.0 4.0 1.0 5.0 4.0 6.0 1.0 6.0 6.0 3.0 0.0 2.0 0.0 6.0 3.0 6.0
p213 4.0 3.0 1.0 0.0 0.0 4.0 0.0 1.0 2.0 3.0 1.0 6.0 2.0 5.0 4.0 1.0 3.0 6.0 3.0 6.0 3.0 6.0 0.0 5.0 2.0 0.0 0.0 4.0 5.0 6.0 5.0 1.0 2.0 5.0 3.0 2.0 4.0 5.0 1.0 0.0 2.0 6.0 5.0 6.0 3.0 1.0 3.0 5.0
p214 6.0 3.0 1.0 2.0 2.0 3.0 2.0 6.0 4.0 1.0 1.0 4.0 1.0 1.0 1.0 4.0 4.0 0.0 1.0 0.0 4.0 2.0 1.0 3.0 2.0 0.0 6.0 6.0 6.0 2.0 0.0 0.0 3.0 0.0 5.0 6.0 5.0 5.0 4.0 0.0 4.0 2.0 2.0 4.0 4.0 6.0 1.0 5.0
p215 4.0 0.0 0.0 3.0 2.0 1.0 6.0 2.0 1.0 1.0 4.0 1.0 4.0 4.0 0.0 1.0 2.0 2.0 1.0 4.0 0.0 3.0 0.0 0.0 0.0 1.0 4.0 2.0 5.0 6.0 0.0 0.0 6.0 1.0 4.0 1.0 2.0 1.0 3.0 0.0 1.0 1.0 0.0 3.0 6.0 3.0 1.0 4.0
p216 3.0 4.0 2.0 5.0 1.0 2.0 5.0 0.0 1.0 1.0 5.0 1.0 1.0 3.0 2.0 0.0 0.0 5.0 6.0 2.0 4.0 0.0 0.0 3.0 5.0 0.0 4.0 1.0 2.0 3.0 3.0 0.0 0.0 3.0 6.0 0.0 4.0 0.0 5.0 6.0 4.0 1.0 6.0 3.0 0.0 0.0 5.0 0.0
p217 4.0 0.0 0.0 1.0 2.0 0.0 2.0 4.0 4.0 2.0 0.0 0.0 6.0 6.0 1.0 1.0 6.0 4.0 3.0 3.0 0.0 6.0 4.0 2.0 2.0 2.0 2.0 0.0 2.0 2.0 4.0 5.0 4.0 1.0 1.0 4.0 0.0 4.0 4.0 1.0 1.0 3.0 2.0 1.0 4.0 5.0 0.0 1.0
p218 1.0 4.0 2.0 5.0 6.0 5.0 1.0 3.0 0.0 0.0 1.0 0.0 0.0 6.0 1.0 6.0 0.0 0.0 1.0 4.0 0.0 1.0 0.0 3.0 0.0 2.0 6.0 6.0 0.0 6.0 2.0 6.0 4.0 3.0 4.0 0.0 1.0 2.0 1.0 0.0 1.0 1.0 1.0 0.0 1.0 1.0 5.0 1.0
p219 4.0 0.0 0.0 0.0 3.0 3.0 0.0 4.0 3.0 4.0 6.0 6.0 0.0 3.0 0.0 1.0 1.0 4.0 3.0 3.0 2.0 0.0 0.0 2.0 2.0 2.0 4.0 1.0 1.0 1.0 0.0 3.0 6.0 6.0 3.0 1.0 4.0 3.0 5.0 0.0 2.0 4.0 6.0 1.0 1.0 0.0 0.0 0.0
p220 3.0 2.0 5.0 0.0 0.0 5.0 0.0 4.0 4.0 1.0 1.0 0.0 5.0 1.0 0.0 1.0 1.0 2.0 6.0 4.0 2.0 6.0 3.0 0.0 0.0 6.0 2.0 4.0 0.0 4.0 5.0 3.0 3.0 4.0 0.0 3.0 5.0 3.0 0.0 0.0 4.0 3.0 3.0 2.0 1.0 0.0 6.0 6.0
p221 4.0 3.0 2.0 0.0 4.0 2.0 3.0 2.0 3.0 5.0 4.0 0.0 5.0 3.0 3.0 0.0 5.0 0.0 4.0 0.0 0.0 4.0 3.0 2.0 6.0 1.0 3.0 6.0 5.0 0.0 6.0 4.0 1.0 5.0 4.0 6.0 0.0 3.0 5.0 4.0 1.0 4.0 6.0 5.0 6.0 0.0 1.0 0.0
p222 1.0 3.0 3.0 0.0 2.0 1.0 2.0 5.0 3.0 3.0 0.0 4.0 4.0 4.0 2.0 5.0 1.0 4.0 3.0 4.0 2.0 1.0 3.0 1.0 4.0 0.0 1.0 1.0 2.0 6.0 6.0 1.0 6.0 6.0 2.0 6.0 1.0 4.0 1.0 4.0 6.0 3.0 2.0 1.0 0.0 4.0 1.0 1.0
p223 2.0 3.0 6.0 1.0 2.0 3.0 1.0 3.0 1.0 6.0 2.0 3.0 3.0 6.0 5.0 1.0 0.0 0.0 1.0 0.0 6.0 2.0 0.0 0.0 2.0 2.0 0.0 1.0 0.0 3.0 2.0 1.0 5.0 6.0 5.0 4.0 2.0 3.0 0.0 4.0 1.0 4.0 5.0 3.0 6.0 1.0 3.0 3.0
p224 5.0 0.0 3.0 3.0 5.0 1.0 5.0 6.0 2.0 4.0 3.0 1.0 5.0 4.0 2.0 1.0 6.0 4.0 2.0 5.0 0.0 0.0 2.0 6.0 2.0 1.0 3.0 3.0 5.0 2.0 1.0 3.0 3.0 4.0 0.0 2.0 1.0 2.0 3.0 3.0 4.0 5.0 6.0 3.0 0.0 0.0 5.0 6.0
p225 6.0 1.0 6.0 4.0 4.0 6.0 2.0 6.0 2.0 1.0 6.0 5.0 4.0 3.0 6.0 1.0 2.0 0.0 4.0 1.0 2.0 6.0 4.0 3.0 2.0 5.0 4.0 1.0 0.0 1.0 5.0 4.0 0.0 0.0 1.0 0.0 6.0 4.0 2.0 2.0 4.0 5.0 6.0 3.0 5.0 3.0 5.0 5.0
p226 5.0 5.0 4.0 2.0 0.0 2.0 6.0 6.0 0.0 5.0 4.0 3.0 1.0 0.0 3.0 6.0 5.0 0.0 2.0 2.0 6.0 2.0 3.0 4.0 1.0 6.0 2.0 1.0 6.0 5.0 1.0 5.0 1.0 4.0 5.0 1.0 4.0 0.0 1.0 2.0 0.0 1.0 6.0 4.0 4.0 4.0 2.0 4.0
p227 1.0 0.0 5.0 0.0 6.0 1.0 3.0 0.0 4.0 1.0 0.0 0.0 0.0 3.0 5.0 0.0 4.0 1.0 5.0 4.0 6.0 0.0 0.0 0.0 0.0 1.0 0.0 1.0 6.0 3.0 3.0 2.0 1.0 1.0 1.0 3.0 4.0 0.0 1.0 2.0 3.0 4.0 5.0 4.0 3.0 5.0 5.0 1.0
p228 2.0 2.0 5.0 4.0 5.0 3.0 4.0 2.0 1.0 1.0 3.0 0.0 6.0 5.0 4.0 0.0 3.0 1.0 1.0 3.0 0.0 6.0 0.0 1.0 1.0 4.0 5.0 1.0 1.0 4.0 1.0 1.0 0.0 3.0 3.0 4.0 3.0 5.0 1.0 1.0 4.0 4.0 6.0 3.0 0.0 0.0 4.0 1.0
p229 3.0 1.0 3.0 5.0 4.0 5.0 1.0 4.0 4.0 0.0 0.0 1.0 2.0 0.0 0.0 6.0 6.0 4.0 6.0 5.0 4.0 6.0 6.0 5.0 1.0 0.0 5.0 3.0 3.0 1.0 5.0 1.0 2.0 0.0 6.0 3.0 4.0 6.0 5.0 1.0 1.0 3.0 0.0 5.0 0.0 3.0 0.0 6.0
p230 2.0 0.0 3.0 6.0 0.0 5.0 2.0 6.0 6.0 5.0 3.0 1.0 1.0 4.0 4.0 1.0 4.0 2.0 4.0 3.0 2.0 4.0 4.0 4.0 3.0 0.0 6.0 0.0 1.0 1.0 6.0 3.0 5.0 5.0 6.0 6.0 1.0 1.0 0.0 1.0 2.0 3.0 2.0 1.0 6.0 6.0 4.0 5.0
p231 2.0 1.0 1.0 6.0 4.0 4.0 6.0 5.0 1.0 6.0 5.0 1.0 0.0 4.0 2.0 6.0 5.0 3.0 6.0 6.0 6.0 4.0 0.0 5.0 0.0 2.0 4.0 5.0 1.0 3.0 5.0 1.0 2.0 2.0 6.0 4.0 1.0 3.0 6.0 0.0 5.0 2.0 0.0 5.0 2.0 5.0 5.0 1.0
p232 6.0 1.0 6.0 4.0 1.0 5.0 3.0 0.0 0.0 1.0 5.0 4.0 2.0 1.0 1.0 2.0 0.0 6.0 6.0 2.0 0.0 3.0 2.0 3.0 0.0 4.0 2.0 5.0 0.0 6.0 3.0 3.0 1.0 5.0 5.0 0.0 1.0 5.0 4.0 4.0 5.0 3.0 1.0 6.0 0.0 6.0 4.0 4.0
p233 1.0 3.0 5.0 5.0 4.0 1.0 2.0 0.0 4.0 1.0 6.0 4.0 1.0 4.0 4.0 2.0 2.0 3.0 6.0 0.0 1.0 5.0 6.0 5.0 0.0 1.0 2.0 2.0 2.0 1.0 5.0 4.0 2.0 5.0 5.0 2.0 3.0 1.0 6.0 6.0 6.0 1.0 3.0 1.0 2.0 0.0 4.0 4.0
p234 3.0 0.0 4.0 4.0 4.0 0.0 1.0 2.0 1.0 4.0 3.0 0.0 0.0 0.0 6.0 6.0 2.0 2.0 1.0 0.0 1.0 3.0 4.0 2.0 3.0 1.0 4.0 1.0 2.0 0.0 2.0 4.0 3.0 3.0 4.0 2.0 6.0 6.0 2.0 6.0 0.0 3.0 3.0 6.0 0.0 0.0 6.0 1.0
p235 1.0 4.0 1.0 5.0 3.0 2.0 3.0 1.0 2.0 2.0 6.0 2.0 0.0 3.0 2.0 3.0 5.0 0.0 5.0 5.0 5.0 6.0 4.0 3.0 5.0 2.0 2.0 1.0 4.0 3.0 1.0 6.0 4.0 0.0 1.0 1.0 1.0 4.0 3.0 1.0 2.0 1.0 5.0 6.0 5.0 3.0 4.0 4.0
p236 5.0 4.0 2.0 5.0 3.0 6.0 6.0 3.0 6.0 2.0 6.0 0.0 0.0 3.0 0.0 4.0 5.0 5.0 6.0 3.0 2.0 2.0 6.0 5.0 3.0 4.0 4.0 3.0 1.0 2.0 3.0 4.0 5.0 0.0 5.0 3.0 4.0 1.0 3.0 5.0 1.0 3.0 3.0 0.0 2.0 0.0 1.0 6.0
p237 4.0 1.0 1.0 3.0 1.0 5.0 5.0 3.0 6.0 1.0 0.0 5.0 6.0 2.0 6.0 4.0 6.0 0.0 1.0 3.0 3.0 5.0 0.0 3.0 3.0 0.0 5.0 3.0 0.0 3.0 0.0 5.0 2.0 0.0 0.0 0.0 0.0 1.0 1.0 1.0 1.0 5.0 3.0 6.0 5.0 0.0 0.0 4.0
p238 2.0 1.0 1.0 0.0 4.0 2.0 2.0 3.0 5.0 6.0 6.0 6.0 2.0 3.0 2.0 1.0 4.0 0.0 6.0 4.0 2.0 4.0 2.0 0.0 1.0 2.0 0.0 1.0 2.0 1.0 5.0 0.0 4.0 4.0 2.0 4.0 0.0 0.0 1.0 3.0 3.0 2.0 6.0 2.0 6.0 4.0 6.0 3.0
p239 6.0 1.0 3.0 4.0 4.0 0.0 6.0 4.0 6.0 6.0 3.0 2.0 1.0 2.0 3.0 4.0 2.0 6.0 3.0 1.0 4.0 0.0 4.0 2.0 6.0 0.0 3.0 1.0 1.0 3.0 6.0 3.0 4.0 4.0 0.0 6.0 4.0 3.0 0.0 3.0 0.0 3.0 6.0 2.0 2.0 6.0 0.0 0.0
p240 3.0 3.0 3.0 0.0 3.0 2.0 6.0 4.0 0.0 2.0 4.0 6.0 2.0 5.0 0.0 1.0 2.0 4.0 6.0 4.0 4.0 1.0 2.0 3.0 0.0 4.0 1.0 1.0 5.0 5.0 5.0 4.0 0.0 3.0 4.0 1.0 5.0 1.0 0.0 1.0 6.0 2.0 2.0 0.0 3.0 5.0 0.0 3.0
p241 4.0 4.0 3.0 4.0 1.0 4.0 2.0 1.0 4.0 3.0 3.0 4.0 3.0 1.0 1.0 1.0 1.0 1.0 6.0 0.0 2.0 5.0 0.0 6.0 5.0 0.0 5.0 1.0 6.0 5.0 0.0 2.0 6.0 1.0 5.0 5.0 1.0 3.0 6.0 5.0 2.0 0.0 0.0 5.0 3.0 4.0 1.0 2.0
p242 2.0 3.0 0.0 5.0 2.0 4.0 6.0 4.0 1.0 1.0 6.0 3.0 5.0 0.0 0.0 4.0 4.0 1.0 2.0 6.0 3.0 1.0 4.0 4.0 0.0 2.0 3.0 6.0 0.0 5.0 5.0 3.0 2.0 2.0 2.0 1.0 6.0 4.0 6.0 0.0 0.0 1.0 4.0 0.0 6.0 1.0 3.0 0.0
p243 5.0 6.0 0.0 2.0 1.0 3.0 1.0 1.0 1.0 4.0 2.0 2.0 3.0 5.0 4.0 4.0 4.0 3.0 4.0 1.0 2.0 2.0 5.0 6.0 0.0 1.0 0.0 3.0 0.0 0.0 1.0 3.0 3.0 4.0 4.0 2.0 4.0 4.0 4.0 0.0 2.0 1.0 5.0 2.0 1.0 1.0 1.0 1.0
p244 3.0 6.0 2.0 6.0 2.0 0.0 3.0 2.0 4.0 0.0 2.0 0.0 0.0 0.0 1.0 1.0 3.0 2.0 3.0 1.0 6.0 3.0 5.0 5.0 3.0 0.0 6.0 0.0 6.0 2.0 3.0 2.0 5.0 6.0 1.0 0.0 1.0 2.0 6.0 5.0 2.0 0.0 1.0 2.0 1.0 0.0 0.0 1.0
p245 2.0 1.0 2.0 3.0 2.0 6.0 0.0 0.0 3.0 6.0 5.0 2.0 0.0 3.0 0.0 0.0 4.0 4.0 1.0 6.0 5.0 2.0 4.0 1.0 2.0 1.0 5.0 6.0 0.0 6.0 0.0 0.0 5.0 4.0 1.0 1.0 1.0 5.0 5.0 3.0 0.0 3.0 1.0 1.0 3.0 6.0 0.0 5.0
p246 1.0 3.0 1.0 0.0 5.0 3.0 4.0 5.0 6.0 3.0 6.0 1.0 0.0 3.0 4.0 3.0 2.0 0.0 2.0 4.0 2.0 0.0 4.0 1.0 6.0 4.0 2.0 5.0 5.0 2.0 0.0 6.0 6.0 2.0 6.0 2.0 5.0 5.0 0.0 0.0 1.0 1.0 3.0 0.0 2.0 6.0 1.0 0.0
p247 4.0 0.0 4.0 3.0 4.0 4.0 5.0 5.0 1.0 2.0 5.0 5.0 2.0 3.0 1.0 0.0 1.0 2.0 1.0 3.0 0.0 3.0 0.0 1.0 0.0 5.0 1.0 1.0 4.0 2.0 4.0 2.0 1.0 6.0 2.0 0.0 0.0 4.0 3.0 4.0 1.0 2.0 5.0 5.0 0.0 0.0 1.0 1.0
p248 6.0 2.0 3.0 6.0 0.0 4.0 0.0 2.0 0.0 5.0 1.0 3.0 3.0 5.0 1.0 1.0 0.0 4.0 0.0 0.0 5.0 3.0 5.0 0.0 1.0 4.0 5.0 0.0 1.0 2.0 6.0 2.0 6.0 6.0 1.0 5.0 0.0 2.0 6.0 3.0 3.0 6.0 2.0 0.0 2.0 4.0 1.0 4.0
p249 2.0 2.0 1.0 4.0 5.0 5.0 4.0 4.0 2.0 1.0 6.0 4.0 2.0 6.0 2.0 2.0 3.0 2.0 2.0 5.0 3.0 3.0 2.0 6.0 1.0 4.0 6.0 3.0 5.0 2.0 2.0 2.0 4.0 3.0 6.0 2.0 1.0 0.0 5.0 6.0 2.0 2.0 4.0 3.0 5.0 5.0 1.0 3.0
p250 6.0 2.0 4.0 6.0 3.0 1.0 4.0 2.0 3.0 2.0 1.0 4.0 1.0 3.0 6.0 2.0 1.0 2.0 3.0 3.0 2.0 0.0 5.0 3.0 3.0 5.0 0.0 6.0 5.0 0.0 1.0 4.0 6.0 3.0 3.0 0.0 3.0 5.0 4.0 6.0 6.0 5.0 6.0 0.0 1.0 3.0 6.0 1.0
p251 2.0 5.0 2.0 3.0 4.0 1.0 1.0 4.0 5.0 3.0 1.0 6.0 0.0 3.0 1.0 2.0 1.0 1.0 3.0 2.0 2.0 4.0 0.0 1.0 3.0 2.0 4.0 4.0 2.0 0.0 5.0 2.0 4.0 4.0 1.0 5.0 1.0 2.0 2.0 2.0 2.0 3.0 0.0 4.0 4.0 1.0 3.0 6.0
p252 5.0 3.0 6.0 0.0 0.0 2.0 5.0 1.0 1.0 3.0 5.0 5.0 1.0 0.0 0.0 2.0 5.0 2.0 2.0 0.0 1.0 5.0 6.0 0.0 1.0 1.0 5.0 1.0 3.0 6.0 4.0 6.0 0.0 1.0 1.0 4.0 0.0 3.0 4.0 2.0 4.0 1.0 4.0 2.0 2.0 4.0 5.0 4.0
p253 3.0 3.0 3.0 2.0 2.0 2.0 5.0 5.0 1.0 1.0 5.0 1.0 4.0 3.0 0.0 0.0 0.0 4.0 5.0 4.0 2.0 4.0 4.0 4.0 6.0 3.0 5.0 1.0 3.0 6.0 3.0 5.0 1.0 6.0 5.0 3.0 2.0 0.0 3.0 1.0 5.0 4.0 3.0 3.0 5.0 6.0 0.0 3.0
p254 2.0 0.0 4.0 5.0 0.0 2.0 5.0 1.0 3.0 2.0 4.0 5.0 3.0 1.0 6.0 3.0 6.0 1.0 3.0 6.0 0.0 4.0 1.0 2.0 2.0 5.0 0.0 0.0 2.0 1.0 3.0 0.0 0.0 6.0 1.0 6.0 1.0 4.0 6.0 2.0 0.0 0.0 3.0 0.0 1.0 3.0 6.0 1.0
p255 1.0 5.0 2.0 4.0 4.0 4.0 0.0 1.0 0.0 0.0 6.0 1.0 6.0 6.0 5.0 0.0 1.0 0.0 3.0 6.0 4.0 4.0 6.0 3.0 6.0 3.0 6.0 1.0 5.0 0.0 6.0 5.0 6.0 4.0 1.0 0.0 3.0 0.0 0.0 0.0 0.0 4.0 3.0 3.0 2.0 4.0 1.0 5.0
p256 5.0 5.0 3.0 1.0 1.0 2.0 6.0 1.0 3.0 1.0 5.0 1.0 5.0 1.0 4.0 6.0 3.0 0.0 0.0 0.0 1.0 4.0 4.0 1.0 3.0 2.0 0.0 5.0 3.0 4.0 0.0 5.0 2.0 2.0 6.0 2.0 1.0 2.0 1.0 3.0 0.0 0.0 5.0 5.0 5.0 5.0 5.0 0.0
p257 0.0 1.0 1.0 4.0 1.0 1.0 0.0 3.0 0.0 5.0 4.0 2.0 3.0 5.0 6.0 6.0 4.0 6.0 2.0 2.0 6.0 1.0 0.0 6.0 6.0 5.0 0.0 6.0 4.0 1.0 1.0 0.0 6.0 1.0 2.0 4.0 4.0 1.0 6.0 1.0 4.0 1.0 4.0 6.0 5.0 5.0 6.0 6.0
p258 1.0 1.0 1.0 0.0 4.0 0.0 4.0 0.0 1.0 3.0 2.0 4.0 2.0 4.0 2.0 3.0 2.0 6.0 3.0 0.0 4.0 5.0 5.0 1.0 2.0 3.0 4.0 4.0 2.0 1.0 3.0 6.0 3.0 1.0 2.0 6.0 5.0 0.0 3.0 1.0 5.0 1.0 5.0 4.0 4.0 5.0 6.0 4.0
p259 3.0 1.0 4.0 0.0 1.0 5.0 3.0 4.0 5.0 5.0 4.0 4.0 1.0 3.0 5.0 5.0 1.0 5.0 0.0 3.0 5.0 4.0 3.0 4.0 1.0 2.0 5.0 0.0 3.0 3.0 2.0 2.0 1.0 1.0 1.0 4.0 3.0 3.0 5.0 4.0 6.0 3.0 0.0 0.0 2.0 2.0 5.0 3.0
p260 5.0 3.0 1.0 2.0 1.0 3.0 2.0 3.0 2.0 6.0 3.0 4.0 1.0 1.0 1.0 0.0 0.0 5.0 1.0 4.0 0.0 4.0 6.0 5.0 1.0 2.0 1.0 4.0 3.0 5.0 3.0 3.0 2.0 3.0 3.0 3.0 0.0 5.0 5.0 4.0 1.0 0.0 5.0 1.0 5.0 3.0 0.0 1.0
p261 4.0 4.0 1.0 1.0 0.0 0.0 6.0 1.0 6.0 3.0 2.0 2.0 5.0 3.0 0.0 5.0 6.0 5.0 2.0 0.0 3.0 3.0 2.0 3.0 2.0 4.0 4.0 0.0 6.0 3.0 5.0 6.0 4.0 0.0 0.0 1.0 1.0 2.0 1.0 6.0 5.0 2.0 3.0 0.0 5.0 5.0 3.0 5.0
p262 1.0 6.0 2.0 4.0 3.0 6.0 6.0 4.0 3.0 1.0 2.0 5.0 3.0 0.0 1.0 5.0 1.0 6.0 3.0 2.0 3.0 6.0 1.0 0.0 2.0 4.0 4.0 6.0 1.0 0.0 2.0 1.0 5.0 4.0 0.0 2.0 1.0 5.0 6.0 3.0 5.0 5.0 2.0 6.0 1.0 1.0 2.0 3.0
p263 4.0 5.0 2.0 0.0 2.0 0.0 1.0 5.0 0.0 0.0 3.0 0.0 2.0 5.0 6.0 4.0 3.0 1.0 6.0 3.0 1.0 1.0 2.0 4.0 4.0 4.0 3.0 0.0 6.0 4.0 6.0 1.0 3.0 5.0 3.0 6.0 2.0 1.0 3.0 1.0 5.0 0.0 0.0 2.0 4.0 6.0 4.0 4.0
p264 2.0 4.0 1.0 2.0 4.0 6.0 6.0 5.0 2.0 5.0 1.0 1.0 2.0 5.0 4.0 4.0 0.0 3.0 0.0 0.0 5.0 0.0 0.0 2.0 6.0 4.0 3.0 1.0 1.0 1.0 3.0 6.0 4.0 2.0 0.0 2.0 3.0 3.0 3.0 2.0 3.0 0.0 0.0 4.0 1.0 2.0 1.0 0.0
p265 0.0 5.0 5.0 0.0 5.0 5.0 2.0 3.0 5.0 0.0 1.0 0.0 6.0 1.0 3.0 2.0 5.0 0.0 5.0 0.0 1.0 2.0 1.0 5.0 3.0 1.0 6.0 3.0 1.0 2.0 1.0 1.0 0.0 4.0 5.0 3.0 2.0 5.0 4.0 3.0 1.0 0.0 5.0 5.0 3.0 2.0 6.0 3.0
p266 1.0 0.0 5.0 1.0 2.0 0.0 2.0 2.0 5.0 1.0 1.0 6.0 4.0 0.0 0.0 2.0 1.0 5.0 2.0 2.0 4.0 0.0 5.0 1.0 1.0 1.0 2.0 3.0 0.0 3.0 6.0 0.0 0.0 6.0 0.0 5.0 6.0 6.0 3.0 3.0 0.0 1.0 3.0 1.0 1.0 1.0 3.0 3.0
p267 0.0 0.0 4.0 6.0 1.0 3.0 1.0 4.0 5.0 0.0 6.0 1.0 2.0 0.0 2.0 4.0 0.0 1.0 1.0 2.0 3.0 5.0 1.0 0.0 6.0 0.0 2.0 0.0 6.0 6.0 3.0 2.0 0.0 1.0 6.0 3.0 5.0 1.0 0.0 3.0 0.0 6.0 3.0 0.0 0.0 4.0 0.0 6.0
p268 2.0 5.0 3.0 6.0 0.0 6.0 4.0 3.0 6.0 2.0 1.0 6.0 2.0 4.0 6.0 5.0 1.0 1.0 6.0 1.0 2.0 1.0 2.0 1.0 3.0 1.0 1.0 3.0 2.0 5.0 4.0 5.0 4.0 6.0 3.0 1.0 4.0 2.0 1.0 1.0 1.0 4.0 5.0 6.0 3.0 2.0 6.0 3.0
p269 4.0 0.0 4.0 3.0 3.0 1.0 1.0 0.0 5.0 3.0 6.0 6.0 4.0 0.0 3.0 2.0 2.0 3.0 0.0 3.0 4.0 1.0 3.0 1.0 4.0 6.0 6.0 4.0 5.0 6.0 3.0 4.0 0.0 4.0 0.0 6.0 1.0 2.0 0.0 1.0 1.0 1.0 4.0 4.0 5.0 5.0 4.0 2.0
p270 5.0 3.0 0.0 2.0 5.0 3.0 4.0 0.0 3.0 0.0 6.0 3.0 0.0 2.0 6.0 4.0 6.0 3.0 6.0 1.0 3.0 0.0 1.0 0.0 1.0 0.0 1.0 6.0 2.0 5.0 2.0 0.0 0.0 4.0 2.0 2.0 4.0 5.0 6.0 4.0 5.0 0.0 3.0 2.0 2.0 3.0 5.0 2.0
p271 5.0 1.0 0.0 5.0 4.0 3.0 0.0 3.0 2.0 0.0 2.0 3.0 0.0 5.0 3.0 1.0 2.0 4.0 1.0 2.0 0.0 5.0 5.0 2.0 2.0 3.0 0.0 1.0 2.0 3.0 6.0 0.0 4.0 2.0 3.0 0.0 6.0 5.0 4.0 4.0 1.0 3.0 6.0 6.0 1.0 6.0 0.0 4.0
p272 4.0 2.0 5.0 4.0 1.0 3.0 4.0 5.0 2.0 1.0 2.0 5.0 4.0 3.0 4.0 4.0 5.0 1.0 5.0 2.0 2.0 5.0 5.0 6.0 2.0 0.0 1.0 6.0 0.0 6.0 6.0 1.0 4.0 0.0 5.0 5.0 6.0 2.0 6.0 5.0 4.0 1.0 4.0 1.0 4.0 6.0 6.0 1.0
p273 6.0 3.0 6.0 1.0 3.0 5.0 1.0 3.0 0.0 3.0 1.0 6.0 3.0 5.0 1.0 6.0 1.0 4.0 3.0 3.0 3.0 3.0 5.0 2.0 0.0 1.0 0.0 4.0 6.0 4.0 3.0 3.0 1.0 0.0 6.0 0.0 3.0 6.0 0.0 3.0 6.0 2.0 2.0 2.0 5.0 1.0 1.0 4.0
p274 4.0 3.0 4.0 2.0 3.0 1.0 2.0 4.0 5.0 0.0 0.0 1.0 4.0 3.0 5.0 2.0 4.0 6.0 3.0 3.0 1.0 2.0 5.0 1.0 2.0 4.0 4.0 1.0 3.0 2.0 1.0 5.0 4.0 4.0 5.0 2.0 1.0 0.0 3.0 0.0 6.0 0.0 6.0 1.0 2.0 4.0 5.0 1.0
p275 6.0 4.0 1.0 0.0 6.0 3.0 3.0 2.0 3.0 2.0 2.0 0.0 1.0 3.0 0.0 0.0 2.0 4.0 0.0 1.0 2.0 4.0 6.0 2.0 6.0 1.0 2.0 1.0 0.0 5.0 3.0 1.0 2.0 6.0 2.0 6.0 0.0 1.0 6.0 3.0 0.0 4.0 3.0 3.0 0.0 3.0 3.0 3.0
p276 1.0 2.0 4.0 6.0 2.0 3.0 2.0 0.0 2.0 2.0 1.0 3.0 5.0 1.0 6.0 0.0 6.0 1.0 6.0 6.0 1.0 4.0 2.0 3.0 1.0 3.0 0.0 2.0 0.0 2.0 2.0 2.0 5.0 1.0 0.0 6.0 3.0 3.0 1.0 2.0 2.0 4.0 0.0 2.0 6.0 2.0 0.0 1.0
p277 2.0 4.0 6.0 4.0 5.0 1.0 0.0 3.0 0.0 0.0 4.0 5.0 0.0 6.0 5.0 2.0 4.0 2.0 0.0 6.0 4.0 4.0 3.0 1.0 1.0 0.0 4.0 0.0 2.0 1.0 0.0 1.0 2.0 4.0 4.0 0.0 2.0 3.0 6.0 2.0 1.0 1.0 5.0 3.0 0.0 6.0 2.0 6.0
p278 0.0 4.0 0.0 0.0 4.0 6.0 2.0 0.0 1.0 4.0 6.0 3.0 0.0 6.0 6.0 1.0 5.0 0.0 4.0 4.0 1.0 0.0 5.0 3.0 2.0 1.0 0.0 6.0 4.0 1.0 6.0 1.0 6.0 2.0 6.0 3.0 4.0 0.0 0.0 2.0 1.0 5.0 2.0 5.0 0.0 0.0 3.0 0.0
p279 1.0 3.0 3.0 4.0 4.0 0.0 4.0 2.0 3.0 5.0 6.0 3.0 2.0 1.0 2.0 1.0 0.0 0.0 6.0 1.0 1.0 0.0 0.0 2.0 1.0 0.0 4.0 6.0 5.0 1.0 2.0 4.0 0.0 4.0 5.0 6.0 1.0 2.0 0.0 2.0 4.0 1.0 0.0 0.0 0.0 4.0 5.0 5.0
p280 4.0 0.0 6.0 2.0 0.0 4.0 5.0 4.0 5.0 0.0 3.0 3.0 1.0 2.0 6.0 2.0 5.0 1.0 4.0 5.0 6.0 3.0 2.0 4.0 6.0 6.0 1.0 4.0 1.0 1.0 1.0 4.0 3.0 1.0 2.0 6.0 1.0 2.0 5.0 6.0 3.0 2.0 6.0 3.0 5.0 6.0 3.0 4.0
p281 3.0 1.0 6.0 2.0 2.0 3.0 1.0 0.0 1.0 3.0 5.0 1.0 6.0 3.0 0.0 1.0 3.0 4.0 4.0 6.0 1.0 0.0 2.0 3.0 0.0 3.0 0.0 1.0 3.0 2.0 5.0 6.0 4.0 4.0 3.0 5.0 0.0 3.0 3.0 2.0 6.0 2.0 3.0 2.0 1.0 1.0 3.0 2.0
p282 0.0 0.0 5.0 0.0 2.0 5.0 2.0 0.0 1.0 2.0 1.0 5.0 5.0 4.0 1.0 3.0 4.0 3.0 5.0 0.0 1.0 4.0 3.0 2.0 5.0 3.0 3.0 2.0 6.0 0.0 0.0 3.0 6.0 2.0 1.0 4.0 6.0 0.0 5.0 1.0 6.0 0.0 5.0 2.0 1.0 6.0 3.0 4.0
p283 6.0 6.0 2.0 1.0 0.0 2.0 3.0 5.0 2.0 4.0 0.0 1.0 1.0 5.0 3.0 6.0 4.0 0.0 5.0 3.0 4.0 0.0 0.0 5.0 5.0 2.0 3.0 5.0 1.0 1.0 5.0 0.0 1.0 2.0 1.0 2.0 2.0 4.0 2.0 1.0 1.0 3.0 3.0 5.0 3.0 5.0 1.0 3.0
p284 1.0 2.0 3.0 1.0 1.0 5.0 1.0 0.0 5.0 2.0 0.0 4.0 4.0 0.0 0.0 5.0 6.0 5.0 1.0 3.0 0.0 3.0 5.0 1.0 0.0 2.0 6.0 6.0 1.0 0.0 3.0 5.0 0.0 1.0 0.0 5.0 3.0 2.0 4.0 4.0 4.0 3.0 6.0 2.0 0.0 3.0 6.0 4.0
p285 0.0 4.0 4.0 3.0 0.0 6.0 3.0 2.0 5.0 5.0 2.0 0.0 1.0 1.0 5.0 3.0 0.0 2.0 4.0 5.0 2.0 1.0 6.0 6.0 1.0 0.0 2.0 5.0 2.0 4.0 3.0 0.0 6.0 2.0 6.0 3.0 1.0 5.0 2.0 0.0 4.0 4.0 5.0 2.0 4.0 0.0 6.0 3.0
p286 5.0 1.0 1.0 1.0 0.0 6.0 0.0 5.0 0.0 3.0 5.0 0.0 0.0 6.0 3.0 6.0 6.0 1.0 1.0 6.0 0.0 0.0 1.0 1.0 0.0 2.0 4.0 5.0 3.0 3.0 4.0 6.0 2.0 3.0 1.0 2.0 6.0 2.0 1.0 2.0 2.0 1.0 0.0 4.0 0.0 2.0 1.0 4.0
p287 0.0 6.0 4.0 4.0 6.0 3.0 1.0 5.0 3.0 0.0 3.0 5.0 4.0 2.0 4.0 6.0 4.0 0.0 0.0 5.0 0.0 6.0 2.0 0.0 5.0 3.0 1.0 3.0 1.0 3.0 4.0 2.0 1.0 5.0 4.0 6.0 6.0 1.0 2.0 3.0 2.0 2.0 6.0 3.0 4.0 2.0 3.0 0.0
p288 2.0 6.0 0.0 5.0 2.0 2.0 1.0 0.0 1.0 3.0 2.0 2.0 6.0 4.0 2.0 0.0 2.0 4.0 1.0 6.0 2.0 2.0 4.0 1.0 3.0 5.0 4.0 2.0 5.0 2.0 0.0 6.0 0.0 3.0 3.0 0.0 2.0 3.0 0.0 1.0 1.0 2.0 1.0 4.0 5.0 5.0 6.0 2.0
p289 1.0 6.0 2.0 6.0 0.0 5.0 3.0 2.0 2.0 5.0 1.0 4.0 1.0 5.0 6.0 4.0 0.0 2.0 6.0 5.0 4.0 0.0 4.0 1.0 3.0 4.0 5.0 2.0 3.0 6.0 0.0 1.0 3.0 2.0 0.0 2.0 2.0 4.0 4.0 3.0 3.0 1.0 4.0 2.0 6.0 6.0 6.0 2.0
p290 6.0 1.0 1.0 1.0 4.0 2.0 5.0 0.0 4.0 0.0 3.0 0.0 1.0 0.0 4.0 2.0 2.0 5.0 1.0 4.0 5.0 6.0 0.0 1.0 4.0 5.0 6.0 1.0 2.0 0.0 4.0 2.0 0.0 0.0 2.0 0.0 1.0 5.0 4.0 2.0 1.0 2.0 3.0 1.0 2.0 1.0 2.0 1.0
p291 0.0 3.0 6.0 1.0 3.0 0.0 0.0 4.0 1.0 5.0 0.0 3.0 1.0 3.0 6.0 6.0 2.0 6.0 6.0 6.0 6.0 5.0 6.0 6.0 3.0 0.0 0.0 3.0 0.0 2.0 0.0 3.0 1.0 3.0 1.0 2.0 0.0 2.0 2.0 0.0 1.0 0.0 4.0 5.0 2.0 0.0 0.0 6.0
p292 3.0 6.0 2.0 4.0 4.0 1.0 6.0 1.0 6.0 5.0 2.0 3.0 6.0 4.0 1.0 0.0 0.0 0.0 0.0 3.0 3.0 0.0 6.0 3.0 3.0 6.0 2.0 3.0 1.0 2.0 0.0 6.0 2.0 4.0 4.0 5.0 4.0 6.0 3.0 0.0 3.0 1.0 6.0 6.0 2.0 3.0 0.0 3.0
p293 2.0 0.0 1.0 3.0 2.0 0.0 0.0 1.0 2.0 0.0 1.0 0.0 6.0 1.0 2.0 6.0 4.0 3.0 4.0 6.0 5.0 2.0 0.0 1.0 5.0 1.0 4.0 6.0 0.0 0.0 0.0 3.0 3.0 2.0 0.0 0.0 6.0 3.0 3.0 6.0 0.0 0.0 4.0 6.0 4.0 5.0 0.0 5.0
p294 1.0 1.0 6.0 0.0 3.0 6.0 0.0 6.0 2.0 4.0 4.0 5.0 3.0 5.0 5.0 4.0 5.0 0.0 4.0 6.0 2.0 0.0 2.0 4.0 4.0 3.0 1.0 4.0 4.0 0.0 5.0 2.0 3.0 3.0 0.0 2.0 1.0 6.0 3.0 0.0 6.0 5.0 4.0 2.0 3.0 1.0 0.0 0.0
p295 5.0 0.0 0.0 3.0 0.0 5.0 5.0 1.0 1.0 1.0 1.0 1.0 4.0 5.0 3.0 4.0 0.0 4.0 1.0 0.0 0.0 2.0 2.0 5.0 3.0 5.0 2.0 2.0 0.0 6.0 1.0 2.0 3.0 1.0 3.0 5.0 3.0 2.0 6.0 4.0 6.0 3.0 5.0 2.0 2.0 5.0 6.0 6.0
p296 1.0 4.0 2.0 3.0 3.0 4.0 3.0 1.0 1.0 6.0 3.0 0.0 3.0 6.0 2.0 0.0 0.0 4.0 3.0 4.0 0.0 1.0 0.0 4.0 5.0 6.0 6.0 1.0 0.0 2.0 1.0 4.0 0.0 2.0 5.0 6.0 4.0 3.0 3.0 2.0 0.0 5.0 1.0 0.0 6.0 6.0 3.0 0.0
p297 6.0 1.0 6.0 4.0 2.0 1.0 5.0 1.0 4.0 0.0 5.0 6.0 5.0 0.0 0.0 4.0 0.0 2.0 3.0 5.0 4.0 5.0 0.0 1.0 4.0 4.0 5.0 4.0 2.0 1.0 4.0 1.0 1.0 5.0 3.0 5.0 5.0 4.0 4.0 4.0 5.0 2.0 5.0 4.0 5.0 2.0 0.0 0.0
p298 3.0 5.0 0.0 6.0 2.0 2.0 4.0 6.0 1.0 0.0 3.0 1.0 5.0 4.0 3.0 3.0 3.0 2.0 2.0 6.0 0.0 4.0 5.0 1.0 5.0 0.0 0.0 0.0 5.0 1.0 1.0 6.0 0.0 2.0 6.0 0.0 4.0 6.0 5.0 2.0 3.0 2.0 5.0 4.0 3.0 3.0 3.0 2.0
p299 1.0 1.0 1.0 6.0 1.0 4.0 5.0 2.0 1.0 2.0 6.0 6.0 3.0 0.0 2.0 1.0 0.0 2.0 1.0 4.0 4.0 1.0 0.0 5.0 6.0 2.0 2.0 3.0 4.0 2.0 6.0 4.0 3.0 2.0 3.0 3.0 0.0 1.0 1.0 3.0 0.0 5.0 1.0 4.0 0.0 4.0 5.0 4.0
p300 5.0 1.0 2.0 5.0 5.0 0.0 4.0 3.0 5.0 2.0 2.0 0.0 2.0 3.0 1.0 3.0 0.0 1.0 0.0 2.0 1.0 0.0 0.0 2.0 2.0 0.0 0.0 1.0 1.0 4.0 4.0 5.0 0.0 1.0 6.0 4.0 5.0 3.0 0.0 1.0 4.0 4.0 6.0 6.0 6.0 2.0 6.0 6.0
p301 2.0 3.0 2.0 1.0 0.0 1.0 5.0 4.0 0.0 5.0 1.0 4.0 3.0 6.0 2.0 0.0 3.0 1.0 0.0 0.0 2.0 3.0 0.0 2.0 0.0 2.0 6.0 2.0 2.0 3.0 1.0 6.0 1.0 2.0 6.0 6.0 0.0 3.0 0.0 2.0 3.0 1.0 2.0 2.0 5.0 3.0 6.0 2.0
p302 6.0 3.0 1.0 6.0 0.0 4.0 0.0 0.0 2.0 2.0 1.0 3.0 3.0 0.0 0.0 4.0 6.0 1.0 5.0 2.0 4.0 0.0 2.0 4.0 0.0 5.0 5.0 6.0 4.0 2.0 0.0 3.0 3.0 5.0 0.0 2.0 2.0 0.0 2.0 1.0 5.0 3.0 5.0 1.0 3.0 4.0 4.0 3.0
p303 2.0 6.0 0.0 2.0 4.0 5.0 2.0 2.0 4.0 2.0 5.0 3.0 2.0 1.0 4.0 1.0 2.0 3.0 4.0 2.0 0.0 4.0 3.0 5.0 5.0 0.0 2.0 4.0 1.0 6.0 4.0 5.0 5.0 5.0 2.0 3.0 2.0 1.0 4.0 1.0 6.0 4.0 1.0 0.0 5.0 0.0 5.0 3.0
p304 5.0 3.0 2.0 6.0 1.0 0.0 2.0 6.0 1.0 5.0 1.0 3.0 0.0 3.0 3.0 1.0 4.0 3.0 3.0 4.0 0.0 1.0 2.0 5.0 0.0 0.0 2.0 0.0 3.0 4.0 0.0 4.0 3.0 1.0 3.0 1.0 2.0 1.0 4.0 2.0 3.0 4.0 3.0 3.0 5.0 5.0 4.0 6.0
p305 1.0 4.0 2.0 2.0 0.0 1.0 2.0 2.0 2.0 1.0 5.0 4.0 0.0 2.0 3.0 0.0 4.0 2.0 0.0 3.0 2.0 4.0 1.0 1.0 1.0 1.0 2.0 4.0 4.0 0.0 1.0 6.0 2.0 5.0 1.0 6.0 0.0 1.0 1.0 2.0 2.0 6.0 0.0 5.0 4.0 0.0 6.0 1.0
p306 1.0 1.0 5.0 6.0 2.0 3.0 6.0 4.0 5.0 4.0 1.0 4.0 2.0 4.0 0.0 0.0 2.0 3.0 0.0 0.0 1.0 1.0 3.0 5.0 3.0 3.0 4.0 3.0 1.0 1.0 2.0 2.0 1.0 0.0 4.0 2.0 3.0 6.0 1.0 6.0 1.0 4.0 5.0 5.0 3.0 6.0 4.0 1.0
p307 2.0 4.0 3.0 0.0 5.0 5.0 5.0 3.0 4.0 5.0 0.0 5.0 4.0 4.0 3.0 3.0 2.0 5.0 6.0 5.0 5.0 5.0 0.0 5.0 5.0 0.0 2.0 0.0 3.0 1.0 4.0 2.0 3.0 3.0 1.0 0.0 1.0 4.0 3.0 0.0 0.0 0.0 5.0 1.0 3.0 6.0 1.0 1.0
p308 1.0 1.0 2.0 3.0 6.0 3.0 4.0 1.0 2.0 1.0 3.0 0.0 4.0 1.0 2.0 2.0 4.0 4.0 3.0 0.0 4.0 2.0 3.0 1.0 3.0 0.0 1.0 6.0 6.0 1.0 5.0 4.0 2.0 2.0 3.0 4.0 6.0 3.0 0.0 1.0 6.0 2.0 3.0 0.0 1.0 0.0 1.0 1.0
p309 3.0 5.0 2.0 5.0 4.0 5.0 4.0 3.0 6.0 6.0 6.0 6.0 2.0 0.0 4.0 0.0 3.0 0.0 4.0 0.0 5.0 1.0 4.0 1.0 4.0 2.0 3.0 0.0 5.0 3.0 1.0 6.0 2.0 1.0 3.0 4.0 2.0 4.0 1.0 4.0 2.0 0.0 0.0 2.0 6.0 1.0 3.0 0.0
p310 4.0 1.0 4.0 5.0 2.0 6.0 2.0 5.0 3.0 4.0 5.0 1.0 1.0 1.0 5.0 1.0 2.0 3.0 0.0 4.0 2.0 5.0 6.0 2.0 1.0 0.0 5.0 0.0 1.0 0.0 1.0 6.0 6.0 4.0 0.0 0.0 4.0 3.0 3.0 2.0 1.0 1.0 4.0 1.0 5.0 2.0 2.0 0.0
p311 1.0 4.0 0.0 1.0 1.0 5.0 1.0 0.0 6.0 4.0 1.0 0.0 1.0 0.0 2.0 6.0 2.0 1.0 2.0 0.0 3.0 0.0 2.0 6.0 6.0 0.0 2.0 6.0 1.0 6.0 0.0 5.0 3.0 0.0 3.0 6.0 0.0 4.0 1.0 3.0 1.0 1.0 5.0 0.0 2.0 1.0 1.0 3.0
p312 4.0 6.0 5.0 4.0 0.0 3.0 6.0 0.0 2.0 2.0 1.0 2.0 1.0 1.0 6.0 0.0 3.0 6.0 1.0 2.0 2.0 0.0 3.0 5.0 4.0 6.0 6.0 2.0 2.0 6.0 4.0 6.0 4.0 4.0 4.0 3.0 0.0 0.0 4.0 6.0 3.0 0.0 5.0 1.0 1.0 3.0 2.0 1.0
p313 0.0 3.0 3.0 5.0 3.0 1.0 3.0 6.0 0.0 1.0 6.0 0.0 4.0 5.0 5.0 6.0 6.0 5.0 3.0 1.0 3.0 6.0 6.0 3.0 4.0 2.0 0.0 2.0 3.0 0.0 0.0 4.0 5.0 2.0 3.0 0.0 4.0 0.0 0.0 5.0 3.0 6.0 1.0 1.0 0.0 5.0 2.0 5.0
p314 6.0 5.0 2.0 2.0 5.0 0.0 5.0 5.0 3.0 3.0 2.0 1.0 1.0 2.0 5.0 6.0 5.0 0.0 2.0 1.0 2.0 0.0 2.0 2.0 2.0 4.0 0.0 1.0 2.0 4.0 2.0 4.0 5.0 4.0 2.0 2.0 0.0 2.0 0.0 4.0 0.0 6.0 2.0 2.0 2.0 0.0 3.0 5.0
p315 3.0 1.0 4.0 3.0 0.0 1.0 5.0 4.0 6.0 6.0 4.0 1.0 4.0 2.0 4.0 6.0 1.0 3.0 3.0 2.0 0.0 0.0 5.0 0.0 4.0 1.0 1.0 2.0 3.0 6.0 4.0 3.0 3.0 4.0 3.0 0.0 5.0 4.0 2.0 2.0 1.0 4.0 3.0 6.0 4.0 6.0 5.0 6.0
p316 5.0 6.0 2.0 5.0 2.0 5.0 3.0 1.0 6.0 1.0 2.0 3.0 2.0 4.0 3.0 1.0 2.0 1.0 6.0 0.0 1.0 6.0 2.0 3.0 6.0 0.0 6.0 2.0 0.0 0.0 6.0 0.0 4.0 2.0 0.0 5.0 5.0 0.0 2.0 4.0 3.0 6.0 1.0 2.0 0.0 1.0 3.0 4.0
p317 0.0 2.0 1.0 6.0 1.0 0.0 2.0 5.0 1.0 4.0 3.0 0.0 2.0 6.0 3.0 6.0 4.0 4.0 4.0 0.0 3.0 0.0 3.0 3.0 0.0 1.0 2.0 6.0 3.0 3.0 4.0 0.0 5.0 5.0 6.0 5.0 4.0 3.0 6.0 4.0 3.0 5.0 4.0 2.0 0.0 1.0 3.0 0.0
p318 3.0 2.0 1.0 0.0 1.0 1.0 6.0 6.0 2.0 2.0 6.0 4.0 5.0 3.0 3.0 5.0 5.0 3.0 4.0 4.0 6.0 1.0 4.0 2.0 0.0 0.0 2.0 3.0 5.0 1.0 2.0 0.0 0.0 3.0 0.0 3.0 5.0 1.0 4.0 5.0 4.0 1.0 4.0 5.0 0.0 0.0 0.0 1.0
p319 1.0 1.0 1.0 4.0 4.0 5.0 5.0 3.0 0.0 3.0 1.0 1.0 4.0 3.0 3.0 2.0 6.0 3.0 0.0 5.0 4.0 3.0 4.0 2.0 1.0 1.0 3.0 4.0 5.0 3.0 4.0 2.0 0.0 2.0 1.0 5.0 5.0 1.0 4.0 3.0 0.0 4.0 6.0 3.0 5.0 1.0 0.0 4.0
p320 5.0 3.0 6.0 1.0 4.0 2.0 1.0 2.0 3.0 1.0 3.0 2.0 2.0 2.0 0.0 6.0 1.0 2.0 1.0 3.0 1.0 3.0 6.0 5.0 6.0 2.0 3.0 6.0 6.0 4.0 0.0 2.0 6.0 2.0 1.0 6.0 6.0 5.0 1.0 4.0 0.0 3.0 3.0 3.0 3.0 1.0 2.0 2.0
p321 6.0 1.0 0.0 4.0 6.0 2.0 0.0 2.0 3.0 0.0 6.0 5.0 4.0 2.0 5.0 0.0 4.0 4.0 0.0 4.0 6.0 1.0 0.0 2.0 4.0 1.0 3.0 6.0 2.0 6.0 2.0 5.0 2.0 2.0 4.0 0.0 1.0 1.0 4.0 1.0 0.0 5.0 3.0 4.0 1.0 2.0 3.0 5.0
p322 0.0 3.0 4.0 1.0 1.0 2.0 6.0 1.0 6.0 1.0 3.0 5.0 0.0 0.0 0.0 0.0 0.0 1.0 3.0 6.0 3.0 6.0 2.0 1.0 6.0 2.0 0.0 0.0 0.0 1.0 1.0 2.0 3.0 4.0 0.0 0.0 3.0 6.0 6.0 5.0 6.0 1.0 2.0 0.0 4.0 3.0 6.0 2.0
p323 2.0 2.0 6.0 0.0 5.0 4.0 5.0 6.0 5.0 3.0 1.0 2.0 2.0 4.0 4.0 4.0 3.0 4.0 6.0 2.0 2.0 0.0 2.0 0.0 1.0 6.0 1.0 3.0 2.0 6.0 6.0 5.0 2.0 0.0 0.0 3.0 1.0 3.0 1.0 2.0 4.0 3.0 1.0 0.0 5.0 1.0 1.0 6.0
p324 5.0 5.0 6.0 4.0 1.0 4.0 3.0 4.0 0.0 6.0 5.0 2.0 0.0 1.0 4.0 5.0 1.0 6.0 2.0 1.0 1.0 2.0 4.0 6.0 0.0 6.0 2.0 3.0 3.0 5.0 2.0 3.0 6.0 1.0 0.0 4.0 0.0 2.0 1.0 6.0 1.0 0.0 0.0 2.0 3.0 3.0 2.0 1.0
p325 0.0 4.0 0.0 1.0 0.0 1.0 5.0 6.0 2.0 6.0 0.0 1.0 3.0 1.0 2.0 6.0 1.0 2.0 2.0 2.0 6.0 4.0 0.0 1.0 2.0 5.0 6.0 4.0 4.0 4.0 3.0 2.0 2.0 4.0 2.0 1.0 2.0 1.0 3.0 5.0 5.0 6.0 4.0 3.0 0.0 5.0 2.0 5.0
p326 0.0 6.0 1.0 3.0 5.0 4.0 5.0 6.0 4.0 2.0 2.0 5.0 4.0 2.0 0.0 1.0 1.0 0.0 2.0 0.0 1.0 5.0 2.0 0.0 2.0 1.0 3.0 3.0 3.0 0.0 1.0 6.0 0.0 0.0 3.0 4.0 5.0 4.0 0.0 6.0 2.0 5.0 2.0 2.0 1.0 0.0 2.0 4.0
p327 3.0 6.0 3.0 5.0 1.0 6.0 1.0 2.0 3.0 2.0 0.0 0.0 0.0 2.0 0.0 3.0 0.0 2.0 2.0 2.0 2.0 3.0 4.0 6.0 4.0 3.0 2.0 3.0 5.0 4.0 0.0 3.0 0.0 1.0 1.0 1.0 6.0 6.0 6.0 1.0 1.0 2.0 2.0 3.0 4.0 2.0 3.0 2.0
p328 1.0 0.0 0.0 3.0 1.0 2.0 2.0 0.0 0.0 6.0 3.0 2.0 0.0 1.0 2.0 5.0 2.0 1.0 3.0 0.0 6.0 4.0 3.0 1.0 1.0 1.0 5.0 3.0 1.0 2.0 1.0 6.0 5.0 2.0 2.0 5.0 0.0 3.0 3.0 0.0 4.0 1.0 0.0 4.0 1.0 2.0 3.0 3.0
p329 4.0 5.0 5.0 5.0 3.0 4.0 5.0 1.0 0.0 5.0 3.0 0.0 1.0 4.0 1.0 1.0 1.0 1.0 1.0 0.0 6.0 0.0 6.0 1.0 0.0 2.0 3.0 4.0 1.0 1.0 2.0 2.0 5.0 0.0 3.0 2.0 1.0 3.0 0.0 2.0 5.0 4.0 4.0 1.0 1.0 3.0 2.0 6.0
p330 5.0 4.0 5.0 4.0 0.0 0.0 1.0 4.0 1.0 1.0 1.0 1.0 2.0 1.0 4.0 3.0 6.0 2.0 5.0 4.0 2.0 5.0 5.0 4.0 4.0 1.0 0.0 0.0 0.0 3.0 3.0 4.0 6.0 0.0 2.0 4.0 2.0 5.0 4.0 4.0 1.0 2.0 0.0 6.0 2.0 0.0 2.0 0.0
p331 1.0 4.0 6.0 0.0 5.0 4.0 5.0 0.0 0.0 2.0 4.0 1.0 6.0 1.0 0.0 2.0 1.0 6.0 2.0 6.0 0.0 2.0 3.0 6.0 1.0 1.0 4.0 4.0 4.0 0.0 2.0 4.0 6.0 4.0 0.0 2.0 4.0 2.0 3.0 0.0 1.0 6.0 3.0 2.0 6.0 5.0 0.0 1.0
p332 0.0 1.0 1.0 3.0 6.0 0.0 5.0 1.0 3.0 1.0 4.0 4.0 2.0 0.0 2.0 0.0 3.0 6.0 0.0 0.0 0.0 5.0 5.0 4.0 4.0 0.0 5.0 4.0 0.0 3.0 3.0 1.0 1.0 3.0 1.0 2.0 1.0 2.0 3.0 6.0 5.0 5.0 4.0 5.0 2.0 5.0 4.0 0.0
p333 4.0 1.0 4.0 1.0 5.0 4.0 3.0 2.0 6.0 2.0 5.0 2.0 2.0 1.0 6.0 4.0 1.0 2.0 4.0 4.0 5.0 0.0 6.0 3.0 0.0 1.0 4.0 3.0 0.0 2.0 3.0 0.0 3.0 6.0 5.0 6.0 5.0 5.0 3.0 0.0 5.0 6.0 1.0 1.0 1.0 3.0 5.0 3.0
p334 6.0 4.0 5.0 4.0 4.0 6.0 3.0 6.0 5.0 3.0 6.0 4.0 3.0 6.0 3.0 1.0 4.0 1.0 4.0 4.0 4.0 2.0 2.0 0.0 6.0 4.0 3.0 1.0 4.0 1.0 5.0 5.0 0.0 1.0 0.0 5.0 5.0 0.0 2.0 4.0 5.0 0.0 2.0 0.0 3.0 1.0 2.0 5.0
p335 0.0 2.0 0.0 2.0 1.0 2.0 0.0 2.0 5.0 5.0 5.0 2.0 3.0 2.0 6.0 3.0 0.0 2.0 4.0 2.0 0.0 3.0 4.0 0.0 3.0 1.0 4.0 3.0 5.0 2.0 3.0 2.0 3.0 2.0 4.0 3.0 4.0 3.0 2.0 0.0 6.0 1.0 4.0 3.0 6.0 1.0 1.0 4.0
p336 0.0 2.0 5.0 4.0 4.0 1.0 3.0 1.0 5.0 0.0 2.0 6.0 6.0 2.0 5.0 6.0 2.0 5.0 3.0 4.0 0.0 5.0 0.0 5.0 6.0 4.0 5.0 2.0 4.0 1.0 1.0 3.0 6.0 3.0 2.0 3.0 4.0 2.0 1.0 4.0 6.0 1.0 0.0 3.0 1.0 3.0 5.0 3.0
p337 0.0 2.0 4.0 0.0 0.0 1.0 4.0 6.0 0.0 4.0 4.0 3.0 1.0 6.0 4.0 0.0 5.0 5.0 1.0 0.0 1.0 3.0 4.0 0.0 0.0 5.0 0.0 0.0 2.0 4.0 4.0 4.0 4.0 1.0 2.0 1.0 2.0 3.0 3.0 6.0 4.0 0.0 2.0 2.0 6.0 3.0 6.0 1.0
p338 1.0 3.0 6.0 1.0 4.0 6.0 1.0 6.0 1.0 3.0 3.0 5.0 0.0 4.0 0.0 3.0 1.0 0.0 4.0 2.0 4.0 5.0 0.0 4.0 0.0 6.0 0.0 0.0 4.0 1.0 6.0 0.0 6.0 4.0 2.0 6.0 5.0 1.0 4.0 2.0 5.0 2.0 0.0 1.0 3.0 5.0 6.0 6.0
p339 5.0 3.0 1.0 4.0 3.0 3.0 3.0 3.0 6.0 0.0 4.0 3.0 6.0 0.0 0.0 1.0 1.0 3.0 1.0 0.0 1.0 3.0 0.0 2.0 6.0 3.0 0.0 0.0 2.0 3.0 2.0 3.0 0.0 0.0 0.0 2.0 4.0 4.0 2.0 5.0 6.0 4.0 1.0 0.0 4.0 5.0 6.0 3.0
p340 2.0 3.0 3.0 2.0 5.0 3.0 0.0 0.0 3.0 5.0 5.0 5.0 1.0 0.0 0.0 3.0 6.0 4.0 1.0 4.0 4.0 2.0 2.0 0.0 4.0 0.0 3.0 0.0 6.0 5.0 3.0 3.0 0.0 2.0 4.0 2.0 6.0 1.0 4.0 5.0 0.0 3.0 4.0 5.0 4.0 4.0 2.0 1.0
p341 1.0 1.0 0.0 2.0 5.0 5.0 3.0 6.0 2.0 0.0 4.0 1.0 2.0 4.0 6.0 2.0 1.0 4.0 2.0 4.0 0.0 3.0 1.0 4.0 1.0 5.0 5.0 4.0 1.0 5.0 2.0 0.0 0.0 6.0 0.0 0.0 0.0 3.0 4.0 5.0 6.0 3.0 4.0 1.0 5.0 0.0 1.0 3.0
p342 0.0 6.0 1.0 0.0 0.0 4.0 5.0 3.0 1.0 0.0 5.0 1.0 4.0 0.0 6.0 6.0 4.0 0.0 6.0 6.0 5.0 2.0 3.0 5.0 3.0 0.0 3.0 4.0 6.0 3.0 4.0 3.0 2.0 1.0 2.0 2.0 0.0 2.0 3.0 0.0 3.0 2.0 6.0 6.0 1.0 2.0 6.0 3.0
p343 3.0 4.0 1.0 5.0 3.0 4.0 3.0 6.0 3.0 6.0 1.0 0.0 2.0 6.0 0.0 3.0 3.0 3.0 6.0 1.0 4.0 0.0 5.0 5.0 4.0 5.0 6.0 6.0 3.0 6.0 5.0 5.0 1.0 1.0 3.0 4.0 4.0 0.0 5.0 5.0 0.0 1.0 1.0 0.0 0.0 6.0 3.0 5.0
p344 2.0 6.0 1.0 4.0 4.0 5.0 5.0 3.0 2.0 4.0 6.0 4.0 5.0 3.0 0.0 1.0 6.0 5.0 2.0 2.0 5.0 4.0 2.0 1.0 5.0 0.0 0.0 0.0 3.0 1.0 1.0 1.0 3.0 5.0 1.0 4.0 0.0 4.0 1.0 1.0 1.0 0.0 3.0 4.0 3.0 0.0 0.0 2.0
p345 2.0 2.0 1.0 0.0 0.0 3.0 1.0 4.0 5.0 6.0 2.0 1.0 5.0 4.0 3.0 2.0 4.0 1.0 2.0 2.0 5.0 5.0 5.0 2.0 2.0 3.0 1.0 0.0 2.0 4.0 4.0 3.0 3.0 1.0 1.0 3.0 2.0 4.0 0.0 6.0 2.0 0.0 3.0 5.0 3.0 3.0 6.0 4.0
p346 0.0 1.0 2.0 1.0 0.0 2.0 2.0 5.0 2.0 4.0 3.0 5.0 6.0 2.0 5.0 4.0 0.0 0.0 0.0 3.0 0.0 5.0 1.0 6.0 2.0 1.0 5.0 3.0 3.0 3.0 5.0 3.0 0.0 1.0 5.0 0.0 4.0 5.0 1.0 0.0 0.0 2.0 6.0 0.0 1.0 4.0 2.0 0.0
p347 4.0 0.0 1.0 4.0 4.0 2.0 6.0 1.0 6.0 2.0 5.0 5.0 5.0 5.0 1.0 6.0 4.0 6.0 5.0 3.0 5.0 6.0 0.0 0.0 0.0 6.0 4.0 1.0 2.0 1.0 0.0 1.0 3.0 3.0 2.0 1.0 6.0 3.0 6.0 4.0 2.0 1.0 2.0 4.0 6.0 6.0 6.0 6.0
p348 4.0 0.0 5.0 6.0 1.0 4.0 5.0 3.0 4.0 5.0 6.0 0.0 5.0 3.0 6.0 3.0 4.0 3.0 3.0 0.0 0.0 2.0 1.0 1.0 1.0 0.0 1.0 1.0 5.0 0.0 2.0 3.0 2.0 5.0 4.0 2.0 1.0 6.0 3.0 2.0 3.0 5.0 2.0 6.0 5.0 6.0 5.0 4.0
p349 6.0 4.0 0.0 0.0 1.0 2.0 5.0 1.0 4.0 1.0 1.0 1.0 0.0 4.0 5.0 3.0 6.0 1.0 1.0 5.0 4.0 6.0 5.0 5.0 1.0 3.0 5.0 4.0 4.0 5.0 1.0 4.0 6.0 6.0 0.0 3.0 5.0 1.0 0.0 3.0 1.0 5.0 0.0 5.0 2.0 2.0 4.0 0.0
p350 0.0 2.0 6.0 3.0 3.0 1.0 1.0 4.0 4.0 2.0 0.0 1.0 4.0 5.0 5.0 4.0 0.0 1.0 4.0 6.0 1.0 3.0 1.0 0.0 3.0 1.0 0.0 3.0 4.0 0.0 6.0 4.0 3.0 2.0 0.0 3.0 3.0 1.0 2.0 0.0 1.0 4.0 5.0 3.0 4.0 3.0 5.0 5.0
p351 5.0 3.0 5.0 0.0 1.0 2.0 6.0 2.0 1.0 1.0 2.0 6.0 3.0 2.0 2.0 0.0 4.0 6.0 3.0 4.0 0.0 1.0 2.0 3.0 1.0 5.0 2.0 0.0 2.0 3.0 4.0 6.0 3.0 4.0 3.0 1.0 4.0 3.0 0.0 6.0 5.0 4.0 4.0 3.0 3.0 6.0 5.0 4.0
p352 6.0 2.0 5.0 6.0 2.0 0.0 4.0 4.0 4.0 2.0 2.0 0.0 1.0 0.0 3.0 2.0 4.0 6.0 3.0 3.0 2.0 2.0 4.0 2.0 2.0 4.0 1.0 6.0 3.0 3.0 3.0 1.0 5.0 6.0 1.0 0.0 5.0 6.0 1.0 1.0 5.0 0.0 6.0 1.0 4.0 3.0 0.0 5.0
p353 1.0 6.0 2.0 3.0 1.0 1.0 6.0 2.0 1.0 5.0 1.0 4.0 2.0 4.0 1.0 0.0 6.0 3.0 0.0 6.0 3.0 5.0 4.0 0.0 5.0 0.0 4.0 2.0 4.0 1.0 0.0 1.0 3.0 2.0 4.0 4.0 0.0 5.0 6.0 2.0 0.0 1.0 3.0 6.0 4.0 3.0 4.0 0.0
p354 6.0 0.0 0.0 3.0 6.0 1.0 1.0 3.0 4.0 6.0 2.0 5.0 3.0 0.0 0.0 3.0 2.0 6.0 0.0 2.0 2.0 4.0 1.0 5.0 4.0 1.0 0.0 0.0 4.0 3.0 3.0 5.0 5.0 0.0 3.0 5.0 2.0 5.0 5.0 3.0 1.0 5.0 4.0 3.0 0.0 3.0 1.0 2.0
p355 6.0 0.0 5.0 2.0 6.0 0.0 1.0 6.0 2.0 2.0 3.0 2.0 1.0 2.0 6.0 4.0 3.0 5.0 6.0 6.0 3.0 0.0 0.0 5.0 4.0 3.0 3.0 1.0 2.0 1.0 0.0 3.0 5.0 1.0 1.0 5.0 6.0 6.0 6.0 2.0 4.0 4.0 2.0 3.0 3.0 3.0 5.0 0.0
p356 1.0 4.0 0.0 5.0 1.0 3.0 3.0 4.0 3.0 2.0 4.0 3.0 5.0 4.0 4.0 5.0 4.0 3.0 4.0 4.0 5.0 4.0 3.0 4.0 5.0 0.0 0.0 2.0 4.0 1.0 1.0 3.0 3.0 4.0 6.0 0.0 3.0 1.0 2.0 3.0 4.0 4.0 5.0 1.0 5.0 1.0 1.0 1.0
p357 2.0 4.0 0.0 2.0 1.0 6.0 5.0 0.0 1.0 5.0 3.0 0.0 4.0 1.0 2.0 6.0 3.0 1.0 3.0 1.0 3.0 0.0 5.0 4.0 0.0 0.0 5.0 2.0 2.0 0.0 1.0 3.0 1.0 1.0 3.0 2.0 5.0 1.0 3.0 5.0 4.0 1.0 3.0 6.0 1.0 3.0 0.0 3.0
p358 3.0 0.0 4.0 5.0 5.0 0.0 2.0 2.0 1.0 2.0 2.0 0.0 0.0 2.0 1.0 4.0 1.0 3.0 2.0 4.0 2.0 4.0 0.0 2.0 5.0 3.0 2.0 2.0 1.0 0.0 0.0 5.0 2.0 2.0 0.0 4.0 2.0 0.0 2.0 1.0 2.0 4.0 4.0 5.0 5.0 4.0 3.0 6.0
p359 1.0 2.0 6.0 3.0 0.0 5.0 3.0 4.0 1.0 3.0 5.0 5.0 2.0 5.0 5.0 4.0 0.0 3.0 6.0 6.0 2.0 4.0 5.0 6.0 3.0 4.0 2.0 4.0 6.0 4.0 4.0 0.0 5.0 4.0 5.0 6.0 0.0 3.0 3.0 1.0 6.0 2.0 0.0 0.0 6.0 0.0 1.0 6.0
p360 2.0 6.0 0.0 1.0 1.0 0.0 3.0 2.0 0.0 4.0 2.0 2.0 5.0 0.0 3.0 1.0 3.0 2.0 5.0 6.0 2.0 2.0 2.0 5.0 0.0 2.0 4.0 1.0 3.0 6.0 3.0 0.0 3.0 6.0 3.0 4.0 1.0 1.0 2.0 1.0 0.0 2.0 3.0 6.0 1.0 4.0 1.0 5.0
p361 1.0 4.0 0.0 0.0 5.0 0.0 5.0 0.0 2.0 6.0 2.0 4.0 2.0 3.0 2.0 1.0 5.0 3.0 2.0 2.0 4.0 3.0 6.0 0.0 5.0 1.0 1.0 2.0 0.0 3.0 6.0 4.0 3.0 4.0 6.0 3.0 4.0 3.0 1.0 1.0 0.0 0.0 1.0 4.0 0.0 3.0 0.0 5.0
p362 0.0 2.0 5.0 2.0 3.0 0.0 2.0 3.0 6.0 3.0 2.0 1.0 1.0 0.0 3.0 3.0 4.0 2.0 4.0 0.0 6.0 0.0 1.0 1.0 0.0 2.0 5.0 6.0 1.0 3.0 2.0 5.0 1.0 5.0 0.0 5.0 3.0 2.0 0.0 2.0 1.0 0.0 6.0 6.0 2.0 0.0 5.0 0.0
p363 0.0 3.0 6.0 5.0 3.0 3.0 6.0 4.0 3.0 1.0 1.0 6.0 4.0 0.0 1.0 3.0 3.0 0.0 1.0 3.0 2.0 6.0 1.0 2.0 3.0 6.0 5.0 0.0 1.0 5.0 6.0 2.0 3.0 0.0 3.0 1.0 3.0 6.0 6.0 0.0 0.0 6.0 1.0 3.0 4.0 1.0 0.0 4.0
p364 0.0 3.0 2.0 0.0 6.0 2.0 3.0 1.0 1.0 0.0 0.0 4.0 4.0 1.0 2.0 5.0 2.0 2.0 6.0 1.0 5.0 0.0 4.0 4.0 4.0 1.0 4.0 4.0 0.0 3.0 4.0 4.0 6.0 1.0 5.0 3.0 1.0 1.0 0.0 0.0 4.0 1.0 5.0 1.0 6.0 4.0 2.0 2.0
p365 6.0 0.0 6.0 6.0 2.0 0.0 4.0 3.0 2.0 4.0 0.0 6.0 2.0 5.0 1.0 1.0 5.0 6.0 3.0 0.0 3.0 4.0 6.0 1.0 5.0 0.0 0.0 6.0 5.0 6.0 0.0 2.0 6.0 1.0 3.0 1.0 5.0 5.0 3.0 1.0 0.0 4.0 4.0 5.0 1.0 2.0 5.0 5.0
p366 5.0 3.0 2.0 3.0 6.0 1.0 0.0 0.0 1.0 0.0 4.0 0.0 5.0 1.0 1.0 6.0 2.0 4.0 2.0 1.0 0.0 1.0 5.0 6.0 1.0 2.0 0.0 5.0 2.0 5.0 0.0 0.0 3.0 4.0 2.0 1.0 1.0 0.0 0.0 5.0 6.0 4.0 0.0 4.0 1.0 5.0 0.0 5.0
p367 1.0 1.0 0.0 1.0 3.0 5.0 5.0 4.0 0.0 2.0 3.0 1.0 5.0 1.0 1.0 1.0 0.0 0.0 0.0 5.0 5.0 1.0 6.0 1.0 2.0 0.0 1.0 6.0 5.0 0.0 5.0 4.0 0.0 2.0 0.0 1.0 5.0 0.0 2.0 4.0 2.0 4.0 3.0 2.0 1.0 3.0 3.0 4.0
p368 1.0 1.0 2.0 2.0 0.0 2.0 1.0 5.0 0.0 0.0 6.0 5.0 6.0 0.0 3.0 3.0 1.0 3.0 5.0 5.0 3.0 3.0 0.0 6.0 2.0 2.0 2.0 3.0 3.0 0.0 1.0 2.0 5.0 1.0 4.0 3.0 6.0 3.0 4.0 1.0 1.0 4.0 1.0 3.0 0.0 1.0 6.0 2.0
p369 1.0 0.0 1.0 1.0 3.0 0.0 5.0 4.0 0.0 3.0 3.0 6.0 0.0 0.0 4.0 5.0 5.0 3.0 2.0 2.0 0.0 2.0 1.0 5.0 3.0 2.0 3.0 2.0 3.0 1.0 2.0 3.0 2.0 2.0 5.0 0.0 0.0 2.0 2.0 1.0 4.0 6.0 3.0 3.0 1.0 3.0 5.0 1.0
p370 2.0 4.0 2.0 3.0 3.0 1.0 6.0 2.0 3.0 6.0 0.0 5.0 3.0 0.0 1.0 6.0 2.0 0.0 0.0 4.0 5.0 1.0 3.0 6.0 6.0 6.0 3.0 4.0 0.0 3.0 0.0 2.0 5.0 3.0 4.0 4.0 2.0 4.0 6.0 1.0 2.0 3.0 0.0 4.0 5.0 0.0 4.0 2.0
p371 2.0 6.0 1.0 5.0 0.0 3.0 0.0 4.0 0.0 5.0 6.0 0.0 3.0 4.0 2.0 4.0 3.0 0.0 3.0 3.0 1.0 6.0 3.0 2.0 2.0 5.0 3.0 1.0 0.0 1.0 2.0 5.0 2.0 3.0 1.0 4.0 6.0 3.0 3.0 4.0 0.0 3.0 4.0 0.0 2.0 2.0 1.0 0.0
p372 4.0 0.0 3.0 0.0 3.0 3.0 0.0 4.0 5.0 0.0 4.0 4.0 2.0 3.0 4.0 1.0 1.0 5.0 5.0 3.0 2.0 4.0 2.0 6.0 6.0 3.0 6.0 4.0 1.0 5.0 0.0 5.0 5.0 4.0 0.0 3.0 5.0 1.0 1.0 3.0 4.0 3.0 1.0 4.0 5.0 5.0 0.0 3.0
p373 3.0 0.0 1.0 0.0 3.0 1.0 3.0 4.0 2.0 5.0 2.0 0.0 5.0 0.0 4.0 2.0 0.0 4.0 0.0 5.0 3.0 0.0 1.0 3.0 6.0 6.0 5.0 0.0 2.0 1.0 1.0 6.0 1.0 3.0 5.0 2.0 3.0 4.0 0.0 1.0 4.0 5.0 5.0 5.0 5.0 5.0 0.0 4.0
p374 4.0 2.0 0.0 0.0 0.0 2.0 4.0 0.0 1.0 0.0 4.0 0.0 1.0 0.0 3.0 4.0 6.0 4.0 5.0 0.0 4.0 6.0 3.0 6.0 1.0 1.0 5.0 3.0 0.0 3.0 0.0 6.0 0.0 2.0 5.0 1.0 1.0 1.0 3.0 0.0 1.0 0.0 1.0 0.0 1.0 1.0 6.0 0.0
p375 5.0 2.0 5.0 1.0 1.0 2.0 0.0 5.0 4.0 3.0 1.0 2.0 2.0 6.0 2.0 0.0 0.0 2.0 2.0 4.0 1.0 0.0 2.0 3.0 0.0 4.0 1.0 6.0 4.0 6.0 3.0 6.0 6.0 2.0 3.0 0.0 1.0 3.0 1.0 0.0 1.0 3.0 5.0 0.0 2.0 2.0 1.0 0.0
p376 6.0 5.0 5.0 5.0 3.0 3.0 1.0 6.0 2.0 1.0 2.0 3.0 2.0 5.0 0.0 0.0 1.0 1.0 6.0 6.0 1.0 2.0 5.0 1.0 3.0 1.0 3.0 5.0 4.0 4.0 6.0 2.0 0.0 1.0 2.0 4.0 6.0 0.0 5.0 0.0 3.0 4.0 0.0 0.0 0.0 6.0 1.0 0.0
p377 5.0 3.0 4.0 6.0 3.0 3.0 3.0 2.0 0.0 3.0 0.0 2.0 5.0 2.0 1.0 6.0 5.0 2.0 5.0 2.0 3.0 6.0 6.0 0.0 1.0 4.0 5.0 1.0 2.0 2.0 2.0 2.0 0.0 5.0 2.0 1.0 1.0 4.0 5.0 0.0 4.0 1.0 1.0 2.0 0.0 3.0 2.0 3.0
p378 0.0 0.0 0.0 0.0 1.0 3.0 0.0 1.0 6.0 6.0 0.0 1.0 1.0 6.0 5.0 5.0 5.0 5.0 6.0 4.0 1.0 1.0 5.0 5.0 0.0 4.0 3.0 4.0 4.0 0.0 0.0 0.0 5.0 2.0 2.0 0.0 5.0 1.0 0.0 3.0 5.0 1.0 2.0 0.0 4.0 1.0 1.0 0.0
p379 1.0 0.0 1.0 0.0 5.0 3.0 3.0 6.0 3.0 5.0 3.0 1.0 2.0 4.0 2.0 0.0 6.0 1.0 3.0 0.0 5.0 0.0 1.0 3.0 6.0 2.0 5.0 2.0 6.0 3.0 1.0 4.0 5.0 0.0 4.0 4.0 6.0 5.0 5.0 0.0 1.0 4.0 3.0 4.0 0.0 6.0 5.0 2.0
p380 1.0 4.0 1.0 1.0 3.0 2.0 5.0 6.0 2.0 0.0 2.0 1.0 4.0 1.0 2.0 3.0 2.0 2.0 0.0 4.0 3.0 2.0 1.0 5.0 4.0 4.0 1.0 4.0 5.0 5.0 5.0 1.0 5.0 6.0 2.0 0.0 1.0 4.0 3.0 4.0 4.0 0.0 2.0 6.0 3.0 1.0 1.0 4.0
p381 1.0 0.0 0.0 5.0 6.0 4.0 4.0 1.0 1.0 4.0 3.0 0.0 5.0 1.0 1.0 1.0 6.0 0.0 5.0 0.0 5.0 5.0 1.0 2.0 0.0 6.0 6.0 6.0 0.0 6.0 3.0 1.0 6.0 0.0 6.0 4.0 4.0 3.0 3.0 4.0 0.0 5.0 6.0 4.0 3.0 4.0 0.0 4.0
p382 1.0 3.0 1.0 6.0 4.0 0.0 5.0 4.0 0.0 0.0 0.0 5.0 0.0 4.0 2.0 0.0 5.0 1.0 2.0 6.0 0.0 0.0 5.0 5.0 1.0 2.0 3.0 0.0 4.0 5.0 6.0 1.0 2.0 0.0 6.0 1.0 4.0 0.0 6.0 1.0 0.0 0.0 5.0 4.0 1.0 2.0 3.0 2.0
p383 0.0 3.0 2.0 6.0 1.0 1.0 0.0 1.0 1.0 4.0 3.0 1.0 6.0 6.0 0.0 4.0 2.0 4.0 1.0 5.0 3.0 3.0 2.0 4.0 5.0 4.0 1.0 0.0 0.0 2.0 1.0 5.0 0.0 2.0 3.0 2.0 2.0 6.0 0.0 0.0 5.0 6.0 3.0 3.0 1.0 2.0 2.0 4.0
p384 3.0 6.0 5.0 2.0 4.0 3.0 4.0 0.0 6.0 5.0 5.0 5.0 3.0 0.0 3.0 1.0 1.0 6.0 0.0 6.0 2.0 0.0 2.0 6.0 6.0 3.0 4.0 0.0 3.0 3.0 3.0 4.0 4.0 1.0 4.0 2.0 5.0 5.0 1.0 0.0 1.0 3.0 1.0 0.0 5.0 3.0 1.0 2.0
p385 0.0 0.0 4.0 3.0 5.0 6.0 4.0 4.0 2.0 2.0 1.0 2.0 0.0 0.0 1.0 5.0 4.0 2.0 2.0 5.0 1.0 0.0 1.0 4.0 5.0 0.0 3.0 2.0 5.0 1.0 3.0 0.0 1.0 1.0 0.0 1.0 3.0 4.0 0.0 0.0 6.0 0.0 1.0 3.0 3.0 6.0 6.0 0.0
p386 3.0 0.0 5.0 2.0 0.0 3.0 0.0 1.0 6.0 3.0 2.0 0.0 6.0 2.0 1.0 5.0 2.0 0.0 5.0 5.0 0.0 1.0 6.0 1.0 0.0 6.0 1.0 4.0 1.0 0.0 6.0 3.0 2.0 1.0 3.0 2.0 3.0 5.0 2.0 2.0 0.0 5.0 2.0 4.0 2.0 2.0 1.0 1.0
p387 2.0 3.0 4.0 2.0 0.0 5.0 3.0 6.0 6.0 1.0 4.0 1.0 4.0 6.0 4.0 0.0 0.0 0.0 5.0 4.0 3.0 5.0 1.0 6.0 2.0 3.0 6.0 0.0 2.0 0.0 2.0 2.0 3.0 4.0 3.0 3.0 1.0 3.0 2.0 3.0 3.0 5.0 2.0 1.0 6.0 5.0 3.0 4.0
p388 1.0 1.0 3.0 3.0 0.0 5.0 4.0 1.0 3.0 0.0 4.0 2.0 0.0 4.0 1.0 4.0 6.0 2.0 0.0 6.0 0.0 0.0 1.0 5.0 6.0 3.0 4.0 0.0 1.0 6.0 4.0 0.0 6.0 3.0 0.0 1.0 5.0 4.0 6.0 3.0 2.0 2.0 1.0 2.0 0.0 5.0 0.0 1.0
p389 6.0 6.0 6.0 1.0 4.0 4.0 5.0 4.0 2.0 6.0 0.0 2.0 5.0 3.0 6.0 6.0 4.0 4.0 1.0 2.0 5.0 3.0 1.0 4.0 2.0 5.0 1.0 1.0 1.0 1.0 2.0 3.0 0.0 0.0 2.0 5.0 5.0 4.0 6.0 1.0 4.0 0.0 2.0 3.0 3.0 5.0 6.0 6.0
p390 5.0 0.0 2.0 3.0 3.0 5.0 6.0 5.0 5.0 2.0 0.0 1.0 6.0 0.0 0.0 6.0 2.0 4.0 1.0 6.0 6.0 1.0 5.0 3.0 3.0 6.0 0.0 1.0 1.0 2.0 0.0 2.0 0.0 6.0 1.0 0.0 3.0 2.0 0.0 1.0 5.0 0.0 1.0 5.0 6.0 1.0 2.0 6.0
p391 4.0 6.0 1.0 2.0 3.0 5.0 5.0 5.0 4.0 0.0 1.0 5.0 3.0 5.0 1.0 6.0 3.0 4.0 6.0 2.0 0.0 3.0 0.0 3.0 0.0 6.0 4.0 2.0 0.0 0.0 0.0 6.0 3.0 6.0 3.0 5.0 0.0 1.0 4.0 2.0 6.0 2.0 1.0 2.0 2.0 0.0 6.0 4.0
p392 1.0 3.0 4.0 1.0 5.0 5.0 4.0 2.0 5.0 3.0 4.0 2.0 0.0 4.0 0.0 1.0 4.0 4.0 1.0 1.0 4.0 1.0 5.0 0.0 6.0 4.0 4.0 0.0 6.0 6.0 0.0 0.0 0.0 6.0 4.0 3.0 3.0 0.0 6.0 0.0 1.0 0.0 3.0 0.0 0.0 5.0 3.0 3.0
p393 0.0 1.0 4.0 5.0 1.0 4.0 3.0 1.0 0.0 5.0 4.0 6.0 1.0 4.0 1.0 2.0 2.0 6.0 3.0 4.0 6.0 0.0 1.0 4.0 4.0 6.0 5.0 1.0 2.0 0.0 5.0 2.0 1.0 0.0 6.0 3.0 5.0 0.0 6.0 2.0 3.0 1.0 1.0 1.0 2.0 6.0 1.0 1.0
p394 2.0 2.0 0.0 1.0 1.0 5.0 4.0 5.0 5.0 3.0 3.0 0.0 0.0 0.0 1.0 6.0 2.0 3.0 3.0 0.0 3.0 4.0 6.0 5.0 0.0 3.0 4.0 4.0 0.0 6.0 3.0 0.0 1.0 0.0 0.0 5.0 5.0 3.0 4.0 2.0 4.0 0.0 0.0 0.0 3.0 4.0 1.0 4.0
p395 2.0 0.0 0.0 3.0 6.0 4.0 2.0 4.0 4.0 1.0 3.0 4.0 5.0 4.0 5.0 2.0 6.0 3.0 0.0 6.0 3.0 0.0 1.0 1.0 2.0 0.0 6.0 2.0 1.0 1.0 2.0 6.0 3.0 2.0 0.0 5.0 1.0 4.0 3.0 2.0 5.0 2.0 4.0 4.0 6.0 6.0 4.0 1.0
p396 0.0 1.0 0.0 5.0 4.0 2.0 5.0 2.0 0.0 1.0 0.0 0.0 5.0 4.0 1.0 4.0 2.0 2.0 3.0 4.0 5.0 2.0 3.0 2.0 3.0 0.0 6.0 2.0 2.0 6.0 4.0 3.0 6.0 2.0 0.0 2.0 1.0 2.0 0.0 1.0 1.0 0.0 1.0 0.0 3.0 0.0 5.0 2.0
p397 6.0 1.0 6.0 0.0 5.0 3.0 2.0 3.0 1.0 6.0 6.0 6.0 3.0 4.0 6.0 0.0 4.0 4.0 4.0 1.0 6.0 1.0 0.0 0.0 1.0 0.0 5.0 0.0 2.0 5.0 1.0 2.0 2.0 6.0 0.0 0.0 3.0 2.0 4.0 3.0 2.0 3.0 5.0 5.0 1.0 2.0 6.0 0.0
p398 6.0 2.0 6.0 5.0 5.0 4.0 3.0 1.0 3.0 6.0 2.0 0.0 4.0 4.0 3.0 1.0 1.0 3.0 6.0 2.0 1.0 4.0 6.0 4.0 0.0 1.0 2.0 6.0 2.0 5.0 4.0 3.0 2.0 2.0 1.0 2.0 5.0 0.0 3.0 2.0 4.0 0.0 2.0 1.0 6.0 3.0 1.0 5.0
p399 5.0 0.0 3.0 4.0 2.0 3.0 4.0 6.0 1.0 4.0 3.0 5.0 4.0 1.0 1.0 6.0 2.0 6.0 0.0 1.0 5.0 5.0 5.0 2.0 6.0 6.0 6.0 1.0 2.0 3.0 2.0 5.0 2.0 1.0 6.0 2.0 3.0 4.0 3.0 3.0 5.0 5.0 0.0 1.0 4.0 2.0 1.0 3.0
p400 2.0 4.0 2.0 1.0 5.0 1.0 0.0 4.0 6.0 2.0 6.0 1.0 6.0 5.0 2.0 4.0 6.0 1.0 2.0 0.0 1.0 3.0 0.0 2.0 0.0 0.0 5.0 6.0 6.0 0.0 4.0 3.0 1.0 2.0 3.0 4.0 2.0 3.0 4.0 2.0 1.0 1.0 3.0 0.0 5.0 0.0 1.0 0.0
p401 1.0 1.0 2.0 2.0 1.0 6.0 3.0 3.0 0.0 5.0 0.0 0.0 5.0 0.0 0.0 1.0 4.0 2.0 0.0 2.0 1.0 3.0 6.0 1.0 1.0 0.0 2.0 5.0 4.0 0.0 1.0 5.0 0.0 6.0 5.0 5.0 2.0 3.0 5.0 5.0 4.0 6.0 2.0 5.0 0.0 3.0 1.0 6.0
p402 2.0 1.0 6.0 1.0 2.0 2.0 1.0 2.0 4.0 6.0 1.0 3.0 0.0 6.0 4.0 6.0 2.0 1.0 1.0 3.0 0.0 1.0 2.0 0.0 1.0 5.0 0.0 2.0 6.0 6.0 6.0 1.0 2.0 0.0 0.0 5.0 5.0 4.0 1.0 6.0 1.0 1.0 2.0 0.0 1.0 0.0 1.0 4.0
p403 2.0 4.0 4.0 5.0 0.0 6.0 6.0 6.0 2.0 0.0 4.0 6.0 5.0 2.0 0.0 2.0 0.0 2.0 2.0 3.0 1.0 1.0 6.0 2.0 5.0 5.0 4.0 1.0 2.0 2.0 0.0 0.0 6.0 4.0 5.0 1.0 0.0 2.0 3.0 3.0 5.0 0.0 0.0 2.0 5.0 2.0 1.0 4.0
p404 3.0 4.0 4.0 0.0 4.0 2.0 5.0 0.0 3.0 6.0 6.0 2.0 5.0 1.0 6.0 4.0 5.0 5.0 2.0 3.0 6.0 2.0 0.0 0.0 4.0 0.0 0.0 6.0 0.0 2.0 4.0 6.0 1.0 6.0 3.0 6.0 1.0 1.0 4.0 6.0 3.0 3.0 5.0 0.0 0.0 4.0 3.0 3.0
p405 2.0 4.0 0.0 5.0 1.0 0.0 2.0 0.0 2.0 2.0 3.0 5.0 6.0 0.0 3.0 0.0 2.0 6.0 2.0 2.0 5.0 4.0 1.0 1.0 0.0 5.0 1.0 1.0 6.0 4.0 6.0 4.0 0.0 4.0 1.0 4.0 2.0 6.0 4.0 2.0 0.0 4.0 2.0 3.0 3.0 2.0 4.0 3.0
p406 6.0 1.0 4.0 0.0 4.0 6.0 2.0 0.0 6.0 3.0 0.0 0.0 6.0 5.0 4.0 0.0 4.0 6.0 4.0 0.0 0.0 3.0 6.0 5.0 3.0 2.0 6.0 5.0 5.0 2.0 0.0 3.0 0.0 5.0 1.0 0.0 6.0 0.0 4.0 6.0 6.0 4.0 1.0 3.0 2.0 3.0 1.0 6.0
p407 1.0 1.0 1.0 4.0 5.0 0.0 2.0 6.0 6.0 0.0 1.0 6.0 3.0 6.0 0.0 5.0 0.0 5.0 1.0 0.0 1.0 5.0 5.0 1.0 5.0 6.0 3.0 1.0 0.0 4.0 4.0 4.0 2.0 2.0 5.0 4.0 3.0 2.0 2.0 6.0 5.0 4.0 2.0 5.0 1.0 0.0 1.0 2.0
p408 2.0 6.0 5.0 2.0 0.0 6.0 3.0 0.0 3.0 2.0 0.0 5.0 5.0 3.0 5.0 5.0 4.0 0.0 5.0 6.0 2.0 3.0 0.0 6.0 2.0 6.0 4.0 1.0 3.0 0.0 4.0 6.0 0.0 2.0 0.0 5.0 1.0 1.0 4.0 2.0 1.0 4.0 3.0 2.0 1.0 2.0 4.0 4.0
p409 5.0 2.0 0.0 4.0 2.0 1.0 4.0 4.0 3.0 4.0 5.0 2.0 1.0 2.0 4.0 1.0 0.0 0.0 6.0 5.0 4.0 0.0 3.0 0.0 2.0 2.0 1.0 0.0 4.0 0.0 6.0 0.0 6.0 2.0 3.0 4.0 0.0 1.0 0.0 0.0 2.0 3.0 0.0 4.0 0.0 6.0 2.0 0.0
p410 3.0 5.0 3.0 5.0 0.0 5.0 5.0 0.0 2.0 6.0 2.0 6.0 0.0 5.0 6.0 2.0 1.0 2.0 5.0 5.0 6.0 2.0 2.0 2.0 4.0 0.0 2.0 1.0 0.0 1.0 2.0 5.0 1.0 6.0 0.0 5.0 4.0 0.0 6.0 4.0 6.0 2.0 1.0 2.0 0.0 1.0 5.0 4.0
p411 1.0 0.0 4.0 3.0 6.0 2.0 3.0 0.0 3.0 6.0 6.0 5.0 1.0 4.0 1.0 4.0 3.0 0.0 1.0 0.0 4.0 5.0 4.0 4.0 5.0 0.0 5.0 1.0 5.0 1.0 2.0 6.0 5.0 5.0 0.0 2.0 6.0 3.0 3.0 2.0 5.0 0.0 5.0 5.0 2.0 6.0 5.0 0.0
p412 1.0 5.0 6.0 4.0 1.0 4.0 5.0 3.0 6.0 1.0 6.0 3.0 2.0 5.0 0.0 1.0 4.0 1.0 2.0 4.0 3.0 3.0 6.0 1.0 4.0 0.0 5.0 5.0 2.0 3.0 0.0 2.0 1.0 2.0 5.0 5.0 2.0 0.0 1.0 1.0 2.0 2.0 1.0 6.0 3.0 3.0 4.0 4.0
p413 6.0 0.0 6.0 4.0 5.0 6.0 0.0 4.0 0.0 1.0 0.0 5.0 6.0 0.0 5.0 1.0 0.0 2.0 1.0 4.0 4.0 4.0 6.0 2.0 2.0 1.0 1.0 1.0 5.0 0.0 3.0 0.0 5.0 5.0 2.0 1.0 3.0 4.0 3.0 4.0 5.0 2.0 4.0 5.0 4.0 4.0 0.0 2.0
p414 2.0 3.0 3.0 3.0 4.0 4.0 4.0 2.0 3.0 1.0 1.0 6.0 1.0 1.0 4.0 4.0 2.0 2.0 1.0 3.0 4.0 0.0 1.0 2.0 6.0 6.0 1.0 0.0 6.0 6.0 3.0 5.0 5.0 5.0 4.0 5.0 6.0 5.0 1.0 3.0 3.0 3.0 2.0 5.0 0.0 4.0 4.0 4.0
p415 5.0 2.0 1.0 0.0 2.0 4.0 0.0 0.0 1.0 6.0 6.0 1.0 6.0 4.0 6.0 4.0 0.0 1.0 5.0 5.0 2.0 6.0 3.0 2.0 2.0 1.0 0.0 5.0 0.0 2.0 3.0 3.0 5.0 3.0 3.0 2.0 0.0 1.0 2.0 2.0 2.0 4.0 3.0 2.0 5.0 3.0 5.0 2.0
p416 2.0 4.0 2.0 0.0 4.0 3.0 6.0 3.0 1.0 5.0 3.0 1.0 6.0 6.0 3.0 6.0 5.0 1.0 2.0 4.0 5.0 3.0 1.0 4.0 3.0 3.0 0.0 0.0 4.0 3.0 3.0 2.0 4.0 1.0 4.0 1.0 1.0 2.0 2.0 3.0 3.0 6.0 4.0 5.0 6.0 5.0 2.0 5.0
p417 6.0 6.0 5.0 6.0 1.0 5.0 2.0 1.0 2.0 4.0 5.0 0.0 3.0 5.0 0.0 6.0 0.0 2.0 3.0 2.0 6.0 5.0 4.0 1.0 3.0 0.0 1.0 0.0 1.0 1.0 1.0 2.0 3.0 3.0 6.0 3.0 2.0 5.0 1.0 1.0 0.0 2.0 6.0 1.0 5.0 6.0 3.0 3.0
p418 3.0 4.0 0.0 4.0 1.0 4.0 3.0 1.0 6.0 3.0 3.0 4.0 4.0 0.0 6.0 1.0 4.0 0.0 3.0 3.0 2.0 2.0 4.0 0.0 1.0 4.0 1.0 1.0 1.0 1.0 6.0 5.0 1.0 1.0 5.0 4.0 0.0 4.0 3.0 4.0 2.0 6.0 0.0 6.0 3.0 4.0 2.0 0.0
p419 1.0 0.0 4.0 4.0 4.0 2.0 1.0 1.0 2.0 0.0 1.0 5.0 2.0 1.0 4.0 4.0 0.0 5.0 4.0 1.0 6.0 1.0 3.0 6.0 2.0 1.0 4.0 0.0 3.0 3.0 6.0 4.0 1.0 4.0 3.0 4.0 1.0 3.0 6.0 6.0 2.0 6.0 4.0 0.0 5.0 5.0 6.0 5.0
p420 3.0 0.0 2.0 5.0 1.0 2.0 6.0 3.0 1.0 4.0 3.0 6.0 1.0 4.0 1.0 1.0 0.0 2.0 4.0 5.0 3.0 0.0 5.0 2.0 0.0 1.0 6.0 2.0 1.0 2.0 5.0 5.0 2.0 3.0 2.0 6.0 1.0 5.0 5.0 3.0 4.0 0.0 6.0 3.0 6.0 5.0 6.0 0.0
p421 1.0 3.0 2.0 2.0 6.0 4.0 0.0 0.0 0.0 3.0 0.0 2.0 0.0 0.0 3.0 2.0 5.0 4.0 1.0 5.0 1.0 1.0 5.0 1.0 4.0 4.0 2.0 2.0 1.0 3.0 3.0 6.0 4.0 3.0 5.0 6.0 3.0 6.0 5.0 0.0 6.0 4.0 5.0 1.0 2.0 0.0 5.0 0.0
p422 1.0 3.0 2.0 3.0 6.0 5.0 1.0 6.0 2.0 4.0 2.0 1.0 2.0 4.0 2.0 2.0 1.0 6.0 6.0 3.0 0.0 0.0 3.0 0.0 2.0 3.0 0.0 3.0 6.0 4.0 2.0 5.0 1.0 2.0 3.0 5.0 5.0 2.0 0.0 1.0 5.0 2.0 0.0 5.0 1.0 1.0 2.0 1.0
p423 2.0 1.0 2.0 6.0 0.0 4.0 1.0 3.0 4.0 2.0 0.0 2.0 1.0 4.0 3.0 5.0 4.0 1.0 0.0 1.0 5.0 5.0 1.0 1.0 1.0 0.0 3.0 2.0 3.0 4.0 6.0 6.0 3.0 4.0 1.0 4.0 3.0 0.0 3.0 1.0 2.0 1.0 0.0 0.0 4.0 2.0 4.0 1.0
p424 0.0 0.0 5.0 2.0 5.0 5.0 1.0 1.0 5.0 2.0 5.0 2.0 5.0 3.0 4.0 1.0 3.0 2.0 5.0 0.0 4.0 0.0 2.0 2.0 3.0 6.0 1.0 6.0 2.0 3.0 6.0 3.0 6.0 0.0 1.0 1.0 4.0 2.0 2.0 3.0 1.0 1.0 3.0 6.0 0.0 2.0 4.0 3.0
p425 5.0 1.0 6.0 2.0 2.0 6.0 0.0 0.0 1.0 6.0 2.0 6.0 3.0 2.0 1.0 3.0 2.0 2.0 4.0 4.0 1.0 0.0 0.0 6.0 5.0 0.0 6.0 3.0 6.0 4.0 0.0 5.0 6.0 0.0 4.0 3.0 1.0 1.0 1.0 1.0 2.0 0.0 2.0 6.0 3.0 3.0 2.0 0.0
p426 4.0 1.0 1.0 1.0 6.0 2.0 2.0 5.0 0.0 3.0 1.0 3.0 1.0 2.0 3.0 1.0 1.0 2.0 2.0 0.0 6.0 4.0 4.0 4.0 4.0 1.0 3.0 1.0 1.0 4.0 4.0 1.0 0.0 0.0 6.0 0.0 0.0 6.0 1.0 1.0 1.0 2.0 3.0 0.0 3.0 3.0 3.0 1.0
p427 2.0 3.0 5.0 5.0 3.0 1.0 4.0 5.0 3.0 5.0 4.0 2.0 2.0 2.0 2.0 2.0 3.0 1.0 0.0 1.0 6.0 5.0 2.0 1.0 1.0 3.0 2.0 1.0 5.0 1.0 2.0 1.0 6.0 4.0 3.0 3.0 2.0 6.0 0.0 4.0 3.0 6.0 0.0 3.0 0.0 2.0 5.0 6.0
p428 3.0 0.0 3.0 2.0 1.0 4.0 2.0 4.0 5.0 1.0 5.0 6.0 0.0 2.0 3.0 1.0 4.0 4.0 3.0 0.0 3.0 5.0 1.0 6.0 3.0 3.0 1.0 2.0 2.0 5.0 1.0 5.0 4.0 4.0 6.0 1.0 1.0 5.0 2.0 4.0 0.0 4.0 1.0 3.0 1.0 2.0 4.0 1.0
p429 5.0 0.0 5.0 2.0 2.0 4.0 3.0 4.0 6.0 4.0 4.0 1.0 1.0 1.0 4.0 0.0 5.0 3.0 1.0 4.0 1.0 3.0 0.0 5.0 0.0 5.0 1.0 3.0 6.0 1.0 1.0 4.0 4.0 5.0 2.0 1.0 5.0 6.0 1.0 3.0 0.0 4.0 4.0 1.0 5.0 4.0 4.0 5.0
p430 1.0 4.0 6.0 0.0 2.0 2.0 1.0 5.0 0.0 6.0 1.0 1.0 4.0 6.0 5.0 2.0 0.0 5.0 1.0 4.0 5.0 4.0 6.0 1.0 3.0 2.0 6.0 6.0 4.0 4.0 6.0 4.0 3.0 0.0 5.0 6.0 0.0 2.0 6.0 0.0 1.0 0.0 4.0 6.0 1.0 2.0 2.0 1.0
p431 4.0 5.0 3.0 6.0 6.0 1.0 6.0 3.0 3.0 3.0 2.0 1.0 5.0 6.0 3.0 5.0 3.0 4.0 6.0 3.0 2.0 3.0 1.0 2.0 0.0 1.0 3.0 2.0 0.0 4.0 5.0 3.0 0.0 0.0 0.0 5.0 3.0 6.0 5.0 4.0 1.0 1.0 1.0 2.0 4.0 3.0 0.0 1.0
p432 3.0 6.0 6.0 1.0 3.0 6.0 3.0 1.0 0.0 2.0 4.0 4.0 3.0 5.0 2.0 1.0 4.0 6.0 5.0 1.0 2.0 1.0 4.0 1.0 6.0 0.0 4.0 6.0 1.0 5.0 1.0 0.0 0.0 4.0 0.0 1.0 3.0 1.0 2.0 4.0 3.0 5.0 4.0 0.0 6.0 3.0 5.0 2.0
p433 5.0 2.0 3.0 1.0 0.0 2.0 2.0 2.0 6.0 2.0 5.0 3.0 1.0 2.0 5.0 6.0 4.0 0.0 5.0 0.0 6.0 4.0 1.0 4.0 5.0 5.0 4.0 4.0 3.0 0.0 1.0 5.0 2.0 2.0 0.0 4.0 3.0 3.0 1.0 1.0 1.0 2.0 2.0 3.0 2.0 3.0 5.0 3.0
p434 5.0 5.0 4.0 1.0 1.0 4.0 3.0 1.0 0.0 2.0 3.0 2.0 3.0 3.0 6.0 1.0 0.0 2.0 5.0 6.0 5.0 2.0 4.0 6.0 4.0 5.0 0.0 2.0 2.0 3.0 6.0 3.0 1.0 1.0 4.0 0.0 1.0 0.0 5.0 4.0 1.0 5.0 2.0 1.0 3.0 2.0 5.0 5.0
p435 0.0 5.0 2.0 5.0 1.0 1.0 0.0 3.0 4.0 4.0 2.0 5.0 3.0 3.0 4.0 0.0 6.0 1.0 0.0 4.0 0.0 4.0 2.0 3.0 5.0 1.0 1.0 3.0 4.0 0.0 5.0 3.0 2.0 3.0 3.0 4.0 4.0 1.0 2.0 6.0 6.0 3.0 5.0 0.0 2.0 5.0 3.0 3.0
p436 1.0 2.0 6.0 2.0 4.0 4.0 4.0 1.0 4.0 3.0 2.0 6.0 0.0 0.0 2.0 6.0 3.0 6.0 1.0 0.0 3.0 0.0 0.0 1.0 1.0 0.0 3.0 4.0 0.0 6.0 0.0 5.0 0.0 4.0 1.0 5.0 2.0 3.0 0.0 4.0 2.0 1.0 4.0 4.0 0.0 3.0 2.0 5.0
p437 3.0 6.0 3.0 6.0 6.0 2.0 3.0 6.0 0.0 4.0 1.0 0.0 3.0 6.0 1.0 0.0 3.0 3.0 5.0 4.0 4.0 3.0 2.0 1.0 0.0 1.0 5.0 0.0 4.0 0.0 1.0 4.0 3.0 4.0 5.0 2.0 2.0 0.0 6.0 4.0 5.0 0.0 0.0 0.0 0.0 5.0 4.0 2.0
p438 5.0 3.0 2.0 2.0 1.0 0.0 0.0 0.0 4.0 5.0 6.0 1.0 4.0 5.0 1.0 3.0 0.0 3.0 6.0 1.0 2.0 4.0 2.0 4.0 2.0 4.0 3.0 4.0 4.0 4.0 0.0 5.0 3.0 3.0 2.0 3.0 1.0 5.0 4.0 0.0 6.0 0.0 6.0 4.0 6.0 5.0 0.0 6.0
p439 3.0 5.0 2.0 2.0 0.0 5.0 1.0 2.0 6.0 2.0 4.0 5.0 3.0 1.0 2.0 1.0 4.0 1.0 6.0 6.0 1.0 1.0 4.0 1.0 6.0 0.0 2.0 4.0 4.0 6.0 5.0 6.0 3.0 4.0 2.0 1.0 5.0 0.0 3.0 1.0 1.0 6.0 5.0 4.0 5.0 6.0 2.0 3.0
p440 6.0 4.0 5.0 3.0 0.0 0.0 1.0 2.0 6.0 3.0 5.0 2.0 2.0 1.0 0.0 2.0 5.0 1.0 4.0 5.0 0.0 0.0 0.0 3.0 0.0 6.0 4.0 2.0 3.0 3.0 2.0 0.0 6.0 5.0 1.0 5.0 2.0 3.0 0.0 3.0 5.0 3.0 6.0 3.0 0.0 0.0 1.0 6.0
p441 3.0 1.0 5.0 1.0 5.0 5.0 6.0 1.0 0.0 5.0 4.0 0.0 3.0 0.0 2.0 5.0 3.0 1.0 2.0 2.0 2.0 4.0 4.0 1.0 4.0 2.0 6.0 5.0 4.0 0.0 6.0 2.0 0.0 1.0 3.0 1.0 1.0 1.0 3.0 0.0 2.0 5.0 4.0 3.0 3.0 5.0 2.0 2.0
p442 0.0 3.0 6.0 1.0 3.0 1.0 1.0 0.0 6.0 2.0 1.0 5.0 5.0 6.0 5.0 0.0 5.0 4.0 1.0 0.0 4.0 3.0 4.0 6.0 5.0 6.0 1.0 3.0 1.0 0.0 2.0 2.0 4.0 0.0 2.0 3.0 2.0 0.0 4.0 6.0 4.0 3.0 3.0 3.0 6.0 4.0 5.0 1.0
p443 6.0 4.0 3.0 0.0 5.0 5.0 5.0 3.0 0.0 1.0 2.0 4.0 1.0 3.0 0.0 1.0 0.0 2.0 4.0 2.0 0.0 1.0 0.0 3.0 0.0 0.0 5.0 6.0 2.0 0.0 2.0 2.0 2.0 0.0 3.0 5.0 3.0 5.0 0.0 2.0 3.0 1.0 3.0 1.0 3.0 4.0 0.0 6.0
p444 2.0 5.0 5.0 3.0 4.0 4.0 2.0 2.0 0.0 3.0 3.0 0.0 5.0 0.0 1.0 4.0 0.0 0.0 1.0 0.0 1.0 6.0 6.0 4.0 6.0 4.0 2.0 1.0 5.0 3.0 4.0 2.0 0.0 2.0 1.0 1.0 6.0 1.0 2.0 0.0 1.0 1.0 4.0 3.0 3.0 0.0 1.0 2.0
p445 2.0 6.0 4.0 3.0 5.0 6.0 0.0 2.0 5.0 1.0 5.0 2.0 1.0 0.0 6.0 1.0 0.0 6.0 0.0 5.0 5.0 5.0 0.0 3.0 4.0 0.0 6.0 6.0 5.0 3.0 3.0 2.0 3.0 1.0 6.0 1.0 3.0 0.0 5.0 3.0 1.0 3.0 1.0 0.0 2.0 4.0 3.0 1.0
p446 1.0 3.0 2.0 0.0 5.0 2.0 4.0 0.0 4.0 1.0 1.0 2.0 3.0 2.0 1.0 0.0 4.0 3.0 4.0 1.0 4.0 4.0 2.0 3.0 0.0 3.0 4.0 4.0 4.0 3.0 6.0 0.0 4.0 0.0 3.0 2.0 4.0 2.0 0.0 0.0 2.0 4.0 0.0 1.0 1.0 1.0 6.0 2.0
p447 2.0 6.0 6.0 3.0 6.0 4.0 6.0 4.0 4.0 0.0 6.0 0.0 3.0 0.0 0.0 0.0 5.0 0.0 3.0 4.0 6.0 3.0 1.0 2.0 1.0 0.0 6.0 3.0 2.0 6.0 0.0 1.0 5.0 1.0 3.0 6.0 4.0 3.0 4.0 2.0 3.0 0.0 5.0 0.0 3.0 2.0 6.0 2.0
p448 2.0 1.0 2.0 1.0 0.0 4.0 3.0 6.0 5.0 0.0 1.0 2.0 2.0 0.0 6.0 1.0 4.0 5.0 0.0 2.0 5.0 2.0 2.0 4.0 1.0 0.0 5.0 2.0 1.0 3.0 3.0 4.0 3.0 0.0 1.0 1.0 1.0 3.0 2.0 3.0 0.0 0.0 6.0 2.0 3.0 5.0 6.0 6.0
p449 0.0 6.0 2.0 6.0 6.0 5.0 0.0 3.0 0.0 1.0 0.0 3.0 6.0 1.0 4.0 1.0 0.0 3.0 4.0 0.0 5.0 1.0 3.0 0.0 3.0 3.0 4.0 0.0 0.0 6.0 3.0 1.0 6.0 3.0 0.0 0.0 4.0 2.0 0.0 4.0 1.0 6.0 6.0 0.0 4.0 4.0 1.0 0.0
p450 0.0 3.0 1.0 2.0 4.0 6.0 4.0 3.0 1.0 0.0 2.0 1.0 2.0 3.0 6.0 0.0 5.0 1.0 6.0 4.0 1.0 3.0 2.0 0.0 1.0 2.0 3.0 2.0 6.0 1.0 6.0 3.0 2.0 5.0 4.0 4.0 4.0 3.0 0.0 6.0 1.0 1.0 1.0 4.0 0.0 1.0 0.0 0.0
p451 1.0 2.0 6.0 3.0 0.0 1.0 0.0 2.0 1.0 2.0 3.0 5.0 3.0 1.0 6.0 3.0 6.0 2.0 1.0 3.0 5.0 3.0 0.0 6.0 6.0 0.0 5.0 6.0 1.0 4.0 1.0 3.0 4.0 5.0 6.0 2.0 5.0 1.0 5.0 3.0 2.0 0.0 3.0 2.0 5.0 0.0 2.0 3.0
p452 6.0 4.0 6.0 0.0 1.0 3.0 2.0 0.0 6.0 2.0 5.0 1.0 5.0 1.0 0.0 5.0 4.0 3.0 4.0 0.0 6.0 4.0 3.0 6.0 5.0 2.0 6.0 2.0 2.0 2.0 3.0 2.0 4.0 0.0 2.0 5.0 6.0 6.0 6.0 5.0 5.0 5.0 6.0 6.0 6.0 6.0 2.0 5.0
p453 1.0 5.0 3.0 0.0 5.0 3.0 1.0 6.0 2.0 1.0 2.0 3.0 1.0 4.0 4.0 1.0 0.0 3.0 0.0 3.0 5.0 0.0 5.0 5.0 0.0 1.0 2.0 3.0 0.0 3.0 3.0 4.0 1.0 4.0 1.0 4.0 1.0 2.0 0.0 1.0 4.0 1.0 1.0 5.0 0.0 3.0 0.0 2.0
p454 5.0 4.0 4.0 2.0 1.0 5.0 0.0 2.0 5.0 3.0 1.0 0.0 5.0 2.0 6.0 3.0 4.0 0.0 0.0 1.0 1.0 1.0 1.0 1.0 1.0 1.0 2.0 0.0 3.0 1.0 0.0 4.0 0.0 5.0 6.0 3.0 5.0 1.0 1.0 0.0 4.0 5.0 2.0 1.0 6.0 2.0 1.0 0.0
p455 3.0 4.0 2.0 0.0 0.0 1.0 0.0 0.0 2.0 6.0 0.0 2.0 6.0 6.0 3.0 5.0 1.0 6.0 3.0 0.0 0.0 3.0 2.0 0.0 3.0 0.0 4.0 0.0 0.0 4.0 0.0 2.0 5.0 1.0 2.0 5.0 2.0 4.0 4.0 0.0 1.0 0.0 3.0 1.0 3.0 6.0 3.0 5.0
p456 0.0 1.0 3.0 4.0 3.0 0.0 0.0 0.0 3.0 2.0 4.0 1.0 0.0 0.0 6.0 2.0 0.0 0.0 6.0 2.0 1.0 3.0 0.0 5.0 3.0 1.0 0.0 2.0 6.0 1.0 6.0 0.0 6.0 2.0 2.0 3.0 3.0 2.0 0.0 6.0 3.0 0.0 1.0 5.0 6.0 2.0 0.0 4.0
p457 2.0 0.0 6.0 4.0 6.0 6.0 2.0 0.0 0.0 4.0 4.0 4.0 6.0 2.0 1.0 1.0 4.0 3.0 3.0 5.0 4.0 6.0 0.0 1.0 1.0 3.0 6.0 2.0 3.0 0.0 6.0 3.0 1.0 4.0 3.0 6.0 2.0 5.0 4.0 3.0 2.0 4.0 1.0 2.0 4.0 6.0 4.0 2.0
p458 1.0 2.0 2.0 5.0 5.0 3.0 1.0 4.0 4.0 3.0 5.0 5.0 2.0 2.0 4.0 6.0 1.0 3.0 6.0 3.0 6.0 2.0 5.0 2.0 4.0 1.0 3.0 3.0 2.0 1.0 0.0 5.0 5.0 0.0 0.0 3.0 0.0 0.0 5.0 4.0 2.0 5.0 2.0 4.0 2.0 5.0 4.0 6.0
p459 3.0 2.0 6.0 1.0 0.0 1.0 6.0 1.0 6.0 0.0 3.0 6.0 3.0 3.0 0.0 2.0 0.0 5.0 1.0 1.0 6.0 4.0 1.0 4.0 5.0 3.0 2.0 4.0 5.0 0.0 5.0 0.0 3.0 2.0 5.0 4.0 3.0 3.0 0.0 1.0 4.0 0.0 2.0 1.0 6.0 0.0 2.0 6.0
p460 4.0 0.0 6.0 0.0 5.0 5.0 2.0 1.0 4.0 5.0 4.0 4.0 1.0 6.0 1.0 2.0 3.0 6.0 6.0 1.0 2.0 3.0 3.0 2.0 6.0 0.0 6.0 2.0 3.0 1.0 3.0 6.0 2.0 0.0 3.0 5.0 2.0 5.0 4.0 6.0 4.0 3.0 0.0 6.0 1.0 0.0 2.0 2.0
p461 0.0 0.0 3.0 0.0 6.0 3.0 2.0 0.0 0.0 6.0 2.0 1.0 4.0 3.0 5.0 5.0 2.0 4.0 0.0 4.0 6.0 3.0 3.0 6.0 0.0 6.0 3.0 1.0 5.0 5.0 6.0 2.0 5.0 5.0 3.0 5.0 0.0 1.0 5.0 3.0 3.0 6.0 6.0 5.0 4.0 0.0 1.0 6.0
p462 4.0 1.0 6.0 3.0 3.0 1.0 1.0 6.0 1.0 5.0 3.0 0.0 6.0 6.0 5.0 3.0 0.0 4.0 4.0 2.0 1.0 6.0 5.0 6.0 6.0 3.0 0.0 2.0 4.0 2.0 1.0 0.0 6.0 2.0 5.0 2.0 0.0 6.0 2.0 5.0 3.0 2.0 0.0 2.0 3.0 2.0 0.0 1.0
p463 4.0 1.0 3.0 3.0 2.0 0.0 2.0 0.0 3.0 0.0 5.0 3.0 5.0 5.0 2.0 5.0 1.0 5.0 5.0 0.0 1.0 0.0 3.0 5.0 2.0 4.0 5.0 6.0 5.0 5.0 0.0 6.0 4.0 1.0 0.0 5.0 4.0 4.0 3.0 2.0 1.0 2.0 6.0 4.0 5.0 4.0 4.0 3.0
p464 3.0 1.0 0.0 1.0 6.0 4.0 1.0 1.0 0.0 2.0 3.0 0.0 2.0 1.0 4.0 1.0 4.0 3.0 2.0 0.0 0.0 0.0 6.0 2.0 1.0 1.0 5.0 5.0 0.0 2.0 1.0 0.0 0.0 2.0 0.0 6.0 4.0 5.0 1.0 2.0 5.0 3.0 0.0 5.0 3.0 2.0 3.0 6.0
p465 0.0 5.0 3.0 3.0 5.0 0.0 5.0 3.0 5.0 5.0 1.0 2.0 0.0 1.0 0.0 0.0 2.0 4.0 5.0 3.0 3.0 3.0 3.0 4.0 1.0 3.0 2.0 5.0 4.0 6.0 6.0 1.0 0.0 6.0 4.0 1.0 1.0 3.0 3.0 5.0 4.0 6.0 6.0 2.0 1.0 1.0 6.0 0.0
p466 6.0 4.0 2.0 1.0 3.0 0.0 5.0 4.0 0.0 6.0 4.0 4.0 1.0 0.0 4.0 0.0 0.0 1.0 1.0 5.0 2.0 1.0 1.0 1.0 2.0 4.0 0.0 3.0 3.0 0.0 3.0 3.0 0.0 2.0 1.0 1.0 5.0 5.0 1.0 0.0 4.0 6.0 6.0 2.0 5.0 4.0 4.0 3.0
p467 5.0 2.0 2.0 6.0 1.0 3.0 4.0 5.0 0.0 5.0 4.0 2.0 2.0 6.0 0.0 6.0 3.0 2.0 3.0 6.0 5.0 0.0 5.0 0.0 1.0 1.0 2.0 1.0 2.0 0.0 4.0 4.0 2.0 1.0 0.0 3.0 0.0 4.0 2.0 6.0 6.0 6.0 5.0 4.0 6.0 4.0 2.0 1.0
p468 1.0 2.0 1.0 1.0 1.0 6.0 4.0 2.0 1.0 5.0 4.0 5.0 0.0 2.0 0.0 0.0 5.0 0.0 1.0 2.0 1.0 4.0 0.0 6.0 0.0 1.0 6.0 2.0 2.0 3.0 4.0 6.0 1.0 0.0 1.0 1.0 5.0 5.0 1.0 6.0 6.0 2.0 2.0 5.0 2.0 0.0 4.0 1.0
p469 4.0 5.0 4.0 2.0 5.0 2.0 6.0 3.0 4.0 0.0 3.0 4.0 1.0 1.0 2.0 2.0 5.0 1.0 2.0 4.0 3.0 5.0 3.0 4.0 0.0 0.0 5.0 2.0 2.0 0.0 5.0 2.0 3.0 3.0 1.0 6.0 2.0 6.0 2.0 6.0 3.0 2.0 0.0 0.0 3.0 2.0 4.0 5.0
p470 1.0 1.0 1.0 6.0 2.0 4.0 3.0 2.0 0.0 0.0 3.0 1.0 1.0 4.0 3.0 6.0 5.0 1.0 5.0 6.0 3.0 1.0 6.0 3.0 2.0 1.0 5.0 5.0 1.0 3.0 4.0 0.0 3.0 4.0 0.0 6.0 5.0 3.0 1.0 3.0 5.0 4.0 2.0 6.0 2.0 5.0 1.0 3.0
p471 4.0 2.0 1.0 5.0 4.0 0.0 2.0 1.0 1.0 5.0 1.0 4.0 2.0 4.0 0.0 0.0 6.0 4.0 5.0 2.0 3.0 2.0 4.0 4.0 3.0 5.0 5.0 4.0 4.0 3.0 0.0 1.0 0.0 4.0 0.0 3.0 4.0 5.0 6.0 3.0 4.0 4.0 5.0 1.0 0.0 3.0 5.0 1.0
p472 6.0 2.0 5.0 6.0 4.0 2.0 5.0 1.0 3.0 0.0 4.0 6.0 4.0 1.0 4.0 6.0 5.0 3.0 4.0 6.0 3.0 4.0 3.0 3.0 5.0 5.0 5.0 1.0 1.0 6.0 2.0 1.0 0.0 4.0 1.0 5.0 0.0 0.0 2.0 5.0 0.0 2.0 0.0 4.0 5.0 5.0 5.0 5.0
p473 2.0 3.0 3.0 0.0 0.0 1.0 5.0 0.0 4.0 3.0 2.0 3.0 1.0 5.0 6.0 0.0 4.0 2.0 0.0 2.0 4.0 2.0 4.0 6.0 5.0 3.0 5.0 0.0 0.0 0.0 4.0 1.0 5.0 0.0 3.0 3.0 6.0 4.0 1.0 4.0 4.0 1.0 1.0 3.0 0.0 5.0 4.0 0.0
p474 2.0 3.0 0.0 6.0 6.0 0.0 5.0 0.0 5.0 0.0 6.0 1.0 5.0 1.0 2.0 0.0 3.0 2.0 0.0 3.0 1.0 1.0 1.0 6.0 3.0 6.0 5.0 0.0 3.0 2.0 1.0 2.0 1.0 6.0 0.0 2.0 4.0 4.0 5.0 0.0 2.0 4.0 4.0 0.0 1.0 0.0 4.0 1.0
p475 3.0 3.0 2.0 5.0 0.0 5.0 2.0 1.0 0.0 5.0 5.0 5.0 2.0 6.0 2.0 6.0 4.0 0.0 1.0 2.0 1.0 2.0 0.0 4.0 1.0 3.0 4.0 1.0 0.0 5.0 2.0 3.0 0.0 6.0 6.0 5.0 6.0 0.0 3.0 4.0 0.0 2.0 1.0 4.0 5.0 2.0 0.0 2.0
p476 4.0 5.0 1.0 1.0 0.0 0.0 0.0 0.0 1.0 0.0 3.0 2.0 2.0 6.0 0.0 3.0 4.0 5.0 6.0 0.0 0.0 3.0 6.0 5.0 4.0 5.0 1.0 5.0 0.0 6.0 4.0 6.0 4.0 1.0 3.0 0.0 4.0 4.0 6.0 0.0 3.0 0.0 2.0 0.0 0.0 0.0 4.0 1.0
p477 2.0 2.0 5.0 2.0 6.0 1.0 3.0 2.0 2.0 2.0 5.0 5.0 1.0 4.0 3.0 5.0 0.0 3.0 6.0 0.0 5.0 2.0 6.0 4.0 3.0 3.0 3.0 1.0 1.0 6.0 4.0 2.0 5.0 2.0 5.0 2.0 0.0 0.0 2.0 2.0 0.0 4.0 0.0 0.0 0.0 4.0 0.0 2.0
p478 0.0 1.0 3.0 3.0 4.0 4.0 3.0 1.0 5.0 4.0 3.0 1.0 4.0 4.0 3.0 6.0 4.0 5.0 1.0 1.0 1.0 1.0 5.0 4.0 1.0 2.0 2.0 1.0 1.0 0.0 4.0 6.0 0.0 0.0 0.0 0.0 3.0 3.0 4.0 5.0 0.0 3.0 3.0 5.0 1.0 5.0 6.0 4.0
p479 6.0 0.0 2.0 5.0 0.0 3.0 4.0 3.0 3.0 6.0 2.0 2.0 1.0 4.0 5.0 2.0 0.0 6.0 2.0 1.0 2.0 3.0 2.0 5.0 0.0 4.0 6.0 1.0 2.0 5.0 0.0 6.0 0.0 1.0 6.0 1.0 0.0 3.0 5.0 4.0 0.0 0.0 4.0 3.0 4.0 3.0 2.0 3.0
p480 6.0 5.0 0.0 4.0 1.0 0.0 4.0 5.0 2.0 0.0 5.0 6.0 4.0 3.0 2.0 5.0 1.0 4.0 0.0 5.0 3.0 3.0 4.0 2.0 0.0 1.0 0.0 5.0 1.0 3.0 0.0 2.0 1.0 3.0 0.0 1.0 4.0 5.0 5.0 6.0 1.0 4.0 2.0 0.0 6.0 1.0 2.0 5.0
p481 1.0 1.0 3.0 1.0 0.0 0.0 1.0 4.0 3.0 3.0 1.0 2.0 6.0 0.0 1.0 6.0 4.0 4.0 3.0 6.0 5.0 0.0 4.0 3.0 4.0 1.0 1.0 2.0 1.0 3.0 1.0 2.0 6.0 1.0 1.0 5.0 3.0 6.0 3.0 0.0 5.0 0.0 0.0 2.0 2.0 6.0 6.0 6.0
p482 1.0 6.0 5.0 0.0 0.0 4.0 2.0 5.0 1.0 1.0 3.0 1.0 0.0 0.0 6.0 1.0 0.0 0.0 0.0 2.0 3.0 3.0 5.0 4.0 1.0 6.0 3.0 4.0 0.0 4.0 0.0 4.0 0.0 1.0 1.0 0.0 6.0 2.0 2.0 0.0 1.0 2.0 4.0 2.0 1.0 6.0 3.0 2.0
p483 5.0 3.0 2.0 1.0 1.0 3.0 1.0 4.0 0.0 4.0 0.0 0.0 4.0 4.0 6.0 1.0 3.0 6.0 3.0 4.0 5.0 0.0 5.0 1.0 3.0 1.0 2.0 0.0 0.0 1.0 2.0 5.0 5.0 5.0 2.0 5.0 2.0 3.0 5.0 0.0 3.0 2.0 1.0 4.0 2.0 4.0 0.0 6.0
p484 6.0 2.0 3.0 2.0 0.0 2.0 3.0 1.0 4.0 5.0 3.0 5.0 0.0 5.0 2.0 2.0 1.0 4.0 1.0 6.0 1.0 0.0 3.0 0.0 1.0 1.0 2.0 0.0 1.0 0.0 5.0 0.0 1.0 6.0 6.0 2.0 1.0 2.0 0.0 0.0 4.0 2.0 2.0 0.0 2.0 5.0 4.0 1.0
p485 0.0 1.0 5.0 6.0 1.0 4.0 1.0 6.0 6.0 5.0 1.0 2.0 5.0 3.0 3.0 0.0 6.0 3.0 0.0 3.0 4.0 1.0 3.0 3.0 3.0 4.0 3.0 0.0 1.0 2.0 0.0 6.0 4.0 0.0 0.0 3.0 6.0 5.0 1.0 0.0 6.0 4.0 5.0 2.0 0.0 1.0 2.0 3.0
p486 6.0 2.0 5.0 4.0 5.0 1.0 0.0 4.0 4.0 4.0 3.0 3.0 1.0 0.0 5.0 2.0 3.0 2.0 5.0 3.0 2.0 0.0 1.0 3.0 1.0 3.0 3.0 4.0 5.0 1.0 3.0 0.0 1.0 3.0 4.0 0.0 5.0 0.0 5.0 1.0 0.0 3.0 5.0 3.0 1.0 0.0 1.0 0.0
p487 1.0 0.0 6.0 6.0 2.0 6.0 4.0 4.0 0.0 1.0 5.0 6.0 6.0 2.0 3.0 3.0 0.0 6.0 5.0 0.0 4.0 0.0 6.0 0.0 4.0 6.0 1.0 1.0 1.0 3.0 2.0 6.0 0.0 2.0 6.0 2.0 2.0 2.0 4.0 2.0 3.0 4.0 2.0 3.0 2.0 1.0 6.0 4.0
p488 2.0 6.0 3.0 5.0 3.0 2.0 6.0 1.0 5.0 5.0 2.0 2.0 6.0 2.0 6.0 2.0 3.0 6.0 3.0 6.0 1.0 4.0 5.0 2.0 3.0 5.0 6.0 5.0 1.0 5.0 6.0 3.0 6.0 3.0 3.0 3.0 6.0 5.0 2.0 0.0 2.0 3.0 6.0 2.0 4.0 4.0 2.0 0.0
p489 4.0 3.0 4.0 3.0 5.0 2.0 4.0 3.0 1.0 5.0 4.0 6.0 4.0 1.0 0.0 4.0 4.0 0.0 0.0 2.0 3.0 3.0 5.0 4.0 3.0 0.0 2.0 5.0 2.0 4.0 4.0 2.0 0.0 1.0 6.0 4.0 2.0 2.0 0.0 2.0 5.0 6.0 0.0 2.0 5.0 4.0 3.0 4.0
p490 2.0 5.0 1.0 5.0 2.0 3.0 5.0 6.0 6.0 1.0 0.0 1.0 1.0 2.0 2.0 5.0 4.0 4.0 6.0 1.0 5.0 1.0 3.0 0.0 0.0 6.0 1.0 1.0 0.0 0.0 4.0 0.0 0.0 0.0 1.0 6.0 0.0 6.0 4.0 2.0 1.0 5.0 1.0 5.0 1.0 2.0 0.0 0.0
p491 1.0 0.0 6.0 5.0 4.0 0.0 1.0 0.0 5.0 0.0 6.0 6.0 1.0 0.0 6.0 5.0 6.0 2.0 4.0 4.0 4.0 2.0 1.0 6.0 0.0 1.0 0.0 6.0 1.0 0.0 6.0 1.0 0.0 6.0 1.0 3.0 1.0 5.0 4.0 2.0 3.0 3.0 0.0 3.0 5.0 0.0 2.0 2.0
p492 0.0 0.0 4.0 3.0 5.0 1.0 5.0 4.0 2.0 2.0 0.0 4.0 4.0 3.0 3.0 0.0 2.0 0.0 1.0 0.0 1.0 3.0 0.0 5.0 1.0 5.0 0.0 5.0 4.0 6.0 5.0 6.0 0.0 0.0 0.0 4.0 3.0 2.0 6.0 0.0 2.0 0.0 2.0 5.0 5.0 2.0 5.0 5.0
p493 1.0 1.0 6.0 0.0 5.0 1.0 3.0 6.0 2.0 4.0 5.0 6.0 4.0 6.0 5.0 4.0 1.0 1.0 6.0 5.0 4.0 4.0 3.0 6.0 5.0 5.0 4.0 5.0 3.0 0.0 4.0 0.0 4.0 1.0 4.0 4.0 6.0 4.0 4.0 5.0 2.0 6.0 3.0 3.0 2.0 1.0 1.0 3.0
p494 6.0 2.0 4.0 3.0 5.0 3.0 2.0 1.0 0.0 1.0 2.0 0.0 5.0 5.0 0.0 2.0 0.0 5.0 1.0 0.0 0.0 1.0 6.0 4.0 1.0 4.0 3.0 3.0 0.0 3.0 4.0 1.0 0.0 1.0 4.0 2.0 1.0 6.0 5.0 2.0 6.0 3.0 6.0 4.0 4.0 2.0 2.0 5.0
p495 5.0 0.0 4.0 1.0 3.0 0.0 1.0 0.0 3.0 4.0 0.0 0.0 2.0 3.0 4.0 0.0 3.0 2.0 5.0 5.0 6.0 3.0 5.0 0.0 4.0 5.0 4.0 1.0 4.0 3.0 1.0 1.0 5.0 0.0 1.0 5.0 3.0 1.0 4.0 4.0 5.0 4.0 3.0 6.0 2.0 3.0 6.0 3.0
p496 1.0 0.0 2.0 4.0 0.0 3.0 2.0 0.0 1.0 0.0 5.0 0.0 5.0 2.0 5.0 2.0 6.0 6.0 5.0 1.0 6.0 1.0 6.0 0.0 0.0 2.0 2.0 0.0 6.0 6.0 4.0 4.0 0.0 2.0 6.0 6.0 5.0 5.0 4.0 3.0 3.0 5.0 3.0 3.0 5.0 0.0 5.0 0.0
p497 3.0 3.0 3.0 0.0 6.0 6.0 0.0 5.0 4.0 0.0 1.0 1.0 0.0 4.0 4.0 1.0 4.0 1.0 3.0 4.0 5.0 0.0 0.0 4.0 0.0 0.0 1.0 2.0 6.0 0.0 4.0 2.0 2.0 6.0 1.0 6.0 2.0 4.0 5.0 2.0 5.0 1.0 1.0 0.0 1.0 6.0 0.0 4.0
p498 0.0 0.0 5.0 5.0 4.0 0.0 0.0 0.0 1.0 5.0 2.0 4.0 6.0 2.0 5.0 6.0 2.0 6.0 0.0 4.0 3.0 2.0 3.0 5.0 6.0 3.0 4.0 0.0 1.0 1.0 1.0 1.0 4.0 0.0 3.0 3.0 4.0 2.0 5.0 1.0 4.0 1.0 0.0 1.0 5.0 1.0 6.0 5.0
p499 1.0 1.0 5.0 0.0 6.0 5.0 3.0 3.0 2.0 4.0 3.0 5.0 1.0 3.0 2.0 6.0 3.0 6.0 1.0 5.0 2.0 4.0 1.0 0.0 2.0 3.0 6.0 6.0 2.0 5.0 6.0 5.0 4.0 2.0 6.0 0.0 0.0 2.0 2.0 5.0 0.0 3.0 1.0 2.0 1.0 0.0 6.0 2.0
p500 4.0 2.0 5.0 1.0 4.0 5.0 1.0 0.0 5.0 2.0 6.0 6.0 0.0 1.0 0.0 0.0 4.0 4.0 4.0 2.0 5.0 3.0 0.0 2.0 1.0 1.0 4.0 2.0 1.0 0.0 6.0 0.0 4.0 2.0 0.0 0.0 3.0 6.0 0.0 1.0 1.0 3.0 4.0 0.0 2.0 3.0 4.0 1.0
