p1 4.0 2.0 2.0 3.0 1.0 6.0 1.0 6.0 3.0 0.0 2.0 6.0 2.0 6.0 4.0 5.0 1.0 5.0 3.0 5.0 0.0 3.0 1.0 4.0 4.0 2.0 2.0 1.0 0.0 0.0 5.0 3.0 0.0 0.0 1.0 4.0 5.0 3.0 1.0 1.0 3.0 3.0 2.0 3.0 3.0 3.0 4.0 0.0 1.0 2.0 3.0 1.0 0.0 3.0 4.0 5.0 1.0 0.0 3.0 1.0 5.0 1.0 0.0 6.0 1.0 0.0 2.0 5.0 5.0 2.0 1.0 4.0 1.0 2.0 5.0 1.0 6.0 1.0 2.0 1.0 0.0 4.0 1.0 0.0 4.0 3.0 4.0 2.0 3.0 2.0 2.0 2.0 1.0 4.0 0.0 2.0
p2 4.0 0.0 1.0 2.0 5.0 0.0 1.0 0.0 6.0 2.0 2.0 6.0 3.0 2.0 2.0 3.0 0.0 6.0 1.0 1.0 6.0 1.0 4.0 0.0 4.0 0.0 4.0 3.0 6.0 1.0 3.0 2.0 4.0 3.0 4.0 0.0 5.0 5.0 0.0 3.0 5.0 0.0 4.0 5.0 1.0 5.0 3.0 5.0 2.0 5.0 5.0 3.0 6.0 5.0 5.0 4.0 0.0 0.0 5.0 3.0 5.0 4.0 1.0 1.0 5.0 3.0 3.0 6.0 1.0 2.0 2.0 0.0 1.0 0.0 1.0 4.0 4.0 5.0 1.0 0.0 2.0 5.0 0.0 2.0 1.0 6.0 2.0 3.0 3.0 3.0 3.0 3.0 1.0 2.0 0.0 0.0
p3 4.0 1.0 0.0 5.0 2.0 2.0 4.0 5.0 4.0 3.0 1.0 0.0 6.0 0.0 0.0 1.0 1.0 3.0 6.0 0.0 4.0 1.0 0.0 6.0 6.0 1.0 1.0 1.0 5.0 2.0 4.0 4.0 5.0 0.0 0.0 2.0 6.0 3.0 1.0 1.0 3.0 0.0 2.0 6.0 4.0 1.0 2.0 3.0 4.0 0.0 5.0 3.0 1.0 0.0 5.0 3.0 5.0 3.0 5.0 1.0 0.0 6.0 0.0 5.0 3.0 4.0 0.0 0.0 6.0 5.0 2.0 6.0 3.0 6.0 3.0 0.0 0.0 2.0 3.0 0.0 2.0 3.0 0.0 0.0 5.0 5.0 1.0 2.0 0.0 5.0 3.0 1.0 1.0 2.0 3.0 4.0
p4 4.0 2.0 5.0 3.0 4.0 1.0 0.0 1.0 2.0 6.0 4.0 4.0 1.0 1.0 6.0 1.0 0.0 3.0 2.0 5.0 4.0 3.0 3.0 5.0 4.0 2.0 2.0 6.0 3.0 4.0 3.0 0.0 6.0 4.0 3.0 4.0 0.0 1.0 0.0 6.0 6.0 6.0 3.0 0.0 6.0 0.0 3.0 3.0 2.0 3.0 2.0 1.0 4.0 2.0 1.0 0.0 3.0 2.0 3.0 5.0 2.0 1.0 0.0 2.0 3.0 0.0 6.0 1.0 4.0 3.0 1.0 2.0 2.0 1.0 5.0 0.0 1.0 5.0 4.0 6.0 4.0 3.0 4.0 0.0 4.0 3.0 4.0 1.0 3.0 4.0 0.0 2.0 0.0 1.0 0.0 0.0
p5 6.0 6.0 0.0 1.0 4.0 1.0 2.0 5.0 1.0 5.0 3.0 2.0 4.0 4.0 0.0 2.0 6.0 4.0 4.0 1.0 3.0 0.0 4.0 0.0 2.0 0.0 6.0 1.0 1.0 2.0 1.0 5.0 5.0 3.0 1.0 1.0 2.0 0.0 4.0 4.0 3.0 5.0 6.0 2.0 0.0 6.0 0.0 0.0 0.0 4.0 2.0 2.0 1.0 2.0 5.0 3.0 1.0 5.0 0.0 2.0 2.0 1.0 2.0 2.0 3.0 2.0 4.0 0.0 5.0 1.0 2.0 4.0 4.0 0.0 3.0 3.0 2.0 0.0 6.0 3.0 6.0 4.0 4.0 2.0 1.0 5.0 4.0 4.0 2.0 4.0 6.0 2.0 0.0 2.0 3.0 0.0
p6 0.0 6.0 3.0 6.0 6.0 4.0 3.0 0.0 4.0 5.0 1.0 6.0 1.0 2.0 1.0 1.0 2.0 2.0 0.0 1.0 5.0 6.0 0.0 3.0 3.0 2.0 5.0 1.0 2.0 5.0 0.0 0.0 0.0 0.0 2.0 1.0 1.0 3.0 3.0 6.0 0.0 2.0 2.0 3.0 6.0 6.0 3.0 5.0 0.0 2.0 3.0 3.0 2.0 2.0 2.0 5.0 1.0 2.0 1.0 1.0 1.0 0.0 4.0 1.0 2.0 0.0 3.0 4.0 5.0 0.0 2.0 6.0 2.0 1.0 1.0 2.0 5.0 1.0 1.0 1.0 0.0 3.0 0.0 2.0 3.0 1.0 3.0 0.0 2.0 5.0 0.0 4.0 1.0 3.0 4.0 1.0
p7 4.0 6.0 4.0 1.0 0.0 5.0 4.0 3.0 1.0 0.0 2.0 3.0 2.0 6.0 5.0 2.0 2.0 0.0 4.0 1.0 5.0 2.0 3.0 4.0 3.0 6.0 6.0 5.0 6.0 2.0 6.0 5.0 4.0 3.0 6.0 1.0 0.0 0.0 6.0 3.0 6.0 3.0 1.0 1.0 6.0 1.0 1.0 2.0 1.0 5.0 4.0 6.0 5.0 1.0 2.0 2.0 6.0 3.0 2.0 1.0 6.0 1.0 3.0 0.0 2.0 1.0 6.0 2.0 5.0 2.0 5.0 5.0 0.0 5.0 5.0 6.0 6.0 0.0 5.0 0.0 5.0 3.0 6.0 3.0 5.0 3.0 0.0 2.0 0.0 3.0 1.0 4.0 0.0 5.0 2.0 6.0
p8 5.0 4.0 6.0 4.0 5.0 6.0 4.0 0.0 5.0 4.0 3.0 0.0 5.0 2.0 3.0 1.0 1.0 0.0 2.0 1.0 6.0 2.0 3.0 2.0 6.0 0.0 6.0 0.0 6.0 1.0 0.0 6.0 1.0 4.0 4.0 3.0 6.0 3.0 6.0 2.0 2.0 3.0 0.0 0.0 0.0 2.0 3.0 0.0 0.0 0.0 5.0 2.0 5.0 3.0 2.0 3.0 6.0 0.0 0.0 6.0 3.0 2.0 1.0 4.0 1.0 2.0 6.0 6.0 4.0 4.0 6.0 5.0 5.0 2.0 6.0 2.0 6.0 3.0 1.0 6.0 3.0 3.0 2.0 2.0 3.0 5.0 1.0 1.0 1.0 5.0 0.0 6.0 2.0 6.0 2.0 2.0
p9 3.0 4.0 1.0 2.0 5.0 2.0 2.0 4.0 3.0 1.0 6.0 6.0 0.0 6.0 3.0 4.0 0.0 2.0 4.0 6.0 5.0 2.0 0.0 4.0 1.0 6.0 0.0 1.0 2.0 6.0 0.0 0.0 2.0 4.0 6.0 6.0 1.0 5.0 6.0 4.0 5.0 5.0 0.0 0.0 2.0 1.0 1.0 3.0 1.0 6.0 0.0 5.0 4.0 4.0 6.0 4.0 0.0 4.0 3.0 0.0 2.0 2.0 2.0 0.0 2.0 0.0 0.0 5.0 2.0 2.0 6.0 2.0 6.0 2.0 0.0 5.0 1.0 0.0 5.0 1.0 4.0 6.0 1.0 6.0 4.0 1.0 3.0 2.0 4.0 2.0 5.0 4.0 3.0 4.0 0.0 6.0
p10 4.0 5.0 2.0 0.0 5.0 4.0 1.0 1.0 3.0 3.0 4.0 6.0 1.0 4.0 0.0 6.0 1.0 0.0 4.0 1.0 0.0 2.0 3.0 2.0 0.0 4.0 6.0 2.0 2.0 5.0 1.0 1.0 1.0 3.0 0.0 2.0 3.0 5.0 4.0 6.0 5.0 2.0 4.0 5.0 4.0 4.0 3.0 1.0 4.0 1.0 5.0 1.0 0.0 4.0 2.0 1.0 5.0 2.0 6.0 1.0 6.0 2.0 5.0 3.0 5.0 6.0 6.0 1.0 0.0 0.0 6.0 5.0 3.0 0.0 1.0 0.0 3.0 0.0 3.0 4.0 3.0 4.0 2.0 0.0 6.0 3.0 5.0 2.0 2.0 4.0 1.0 3.0 2.0 2.0 1.0 5.0
p11 0.0 0.0 0.0 1.0 6.0 3.0 2.0 0.0 3.0 6.0 0.0 3.0 1.0 0.0 3.0 5.0 1.0 2.0 3.0 6.0 3.0 5.0 4.0 3.0 3.0 4.0 4.0 5.0 0.0 1.0 0.0 5.0 6.0 2.0 3.0 6.0 4.0 0.0 1.0 5.0 5.0 0.0 2.0 0.0 0.0 1.0 1.0 3.0 0.0 3.0 3.0 0.0 4.0 2.0 3.0 0.0 5.0 6.0 3.0 3.0 2.0 4.0 2.0 5.0 0.0 6.0 6.0 6.0 5.0 1.0 3.0 3.0 3.0 2.0 1.0 1.0 2.0 2.0 2.0 1.0 5.0 1.0 2.0 3.0 4.0 2.0 1.0 1.0 6.0 3.0 0.0 2.0 1.0 2.0 1.0 3.0
p12 5.0 5.0 3.0 1.0 5.0 6.0 2.0 0.0 6.0 0.0 5.0 5.0 3.0 2.0 3.0 2.0 4.0 3.0 2.0 5.0 5.0 2.0 5.0 1.0 4.0 3.0 6.0 3.0 3.0 1.0 4.0 1.0 1.0 5.0 2.0 0.0 5.0 3.0 6.0 4.0 2.0 4.0 2.0 1.0 0.0 5.0 2.0 6.0 3.0 4.0 1.0 0.0 2.0 0.0 2.0 2.0 1.0 5.0 1.0 5.0 4.0 5.0 0.0 2.0 3.0 5.0 5.0 2.0 3.0 2.0 1.0 3.0 3.0 4.0 6.0 5.0 6.0 5.0 5.0 6.0 5.0 0.0 6.0 4.0 3.0 4.0 5.0 5.0 4.0 1.0 2.0 1.0 0.0 1.0 2.0 2.0
p13 1.0 1.0 3.0 0.0 3.0 0.0 3.0 4.0 5.0 3.0 1.0 4.0 2.0 0.0 0.0 5.0 5.0 3.0 1.0 2.0 5.0 5.0 4.0 5.0 1.0 6.0 0.0 2.0 1.0 3.0 2.0 6.0 4.0 6.0 3.0 3.0 1.0 0.0 2.0 5.0 1.0 6.0 4.0 0.0 3.0 3.0 3.0 0.0 2.0 2.0 6.0 6.0 5.0 1.0 6.0 4.0 1.0 0.0 1.0 5.0 5.0 3.0 6.0 2.0 1.0 1.0 5.0 1.0 5.0 0.0 4.0 5.0 0.0 3.0 0.0 2.0 5.0 2.0 6.0 2.0 5.0 0.0 4.0 6.0 5.0 0.0 6.0 2.0 3.0 0.0 4.0 2.0 3.0 5.0 3.0 4.0
p14 6.0 6.0 0.0 0.0 6.0 5.0 5.0 6.0 1.0 0.0 1.0 1.0 5.0 4.0 2.0 5.0 6.0 1.0 4.0 1.0 2.0 2.0 0.0 3.0 6.0 2.0 6.0 0.0 0.0 0.0 4.0 2.0 2.0 1.0 1.0 4.0 2.0 6.0 0.0 2.0 4.0 0.0 3.0 5.0 3.0 2.0 0.0 0.0 3.0 1.0 1.0 4.0 6.0 0.0 0.0 1.0 1.0 3.0 1.0 0.0 0.0 2.0 6.0 5.0 5.0 0.0 4.0 4.0 0.0 3.0 4.0 3.0 1.0 4.0 2.0 1.0 4.0 4.0 3.0 0.0 2.0 6.0 0.0 2.0 1.0 5.0 2.0 5.0 3.0 5.0 6.0 2.0 6.0 5.0 6.0 3.0
p15 0.0 3.0 1.0 1.0 5.0 1.0 1.0 2.0 0.0 3.0 4.0 0.0 3.0 0.0 0.0 0.0 0.0 5.0 3.0 1.0 1.0 1.0 6.0 0.0 3.0 2.0 4.0 1.0 3.0 4.0 0.0 2.0 2.0 3.0 1.0 6.0 6.0 3.0 1.0 4.0 0.0 4.0 6.0 4.0 2.0 2.0 1.0 0.0 2.0 3.0 6.0 4.0 1.0 1.0 6.0 6.0 0.0 6.0 2.0 2.0 4.0 3.0 3.0 1.0 3.0 6.0 6.0 0.0 4.0 5.0 2.0 3.0 4.0 2.0 5.0 5.0 5.0 2.0 0.0 4.0 5.0 4.0 6.0 4.0 0.0 2.0 2.0 1.0 2.0 3.0 1.0 1.0 2.0 6.0 1.0 1.0
p16 4.0 2.0 3.0 5.0 5.0 5.0 2.0 4.0 5.0 1.0 2.0 0.0 5.0 3.0 3.0 1.0 0.0 2.0 5.0 3.0 0.0 2.0 4.0 1.0 0.0 2.0 1.0 0.0 5.0 1.0 6.0 1.0 1.0 1.0 0.0 6.0 3.0 4.0 6.0 5.0 5.0 5.0 3.0 5.0 5.0 5.0 0.0 2.0 2.0 1.0 1.0 2.0 4.0 1.0 3.0 6.0 5.0 0.0 0.0 0.0 1.0 5.0 4.0 5.0 4.0 0.0 3.0 3.0 6.0 6.0 2.0 0.0 3.0 3.0 5.0 5.0 4.0 0.0 5.0 2.0 1.0 5.0 1.0 2.0 4.0 6.0 3.0 3.0 6.0 4.0 6.0 4.0 1.0 5.0 1.0 3.0
p17 1.0 1.0 4.0 3.0 0.0 6.0 2.0 6.0 2.0 0.0 4.0 0.0 6.0 6.0 3.0 3.0 2.0 6.0 4.0 6.0 0.0 2.0 2.0 4.0 1.0 4.0 4.0 3.0 1.0 5.0 0.0 1.0 0.0 4.0 0.0 0.0 5.0 3.0 2.0 2.0 4.0 2.0 6.0 3.0 1.0 0.0 5.0 2.0 2.0 2.0 1.0 6.0 4.0 3.0 1.0 5.0 3.0 0.0 5.0 0.0 3.0 0.0 5.0 4.0 5.0 3.0 3.0 1.0 4.0 5.0 4.0 2.0 5.0 5.0 0.0 3.0 4.0 6.0 3.0 1.0 4.0 2.0 0.0 0.0 4.0 1.0 1.0 4.0 0.0 0.0 1.0 2.0 3.0 3.0 2.0 0.0
p18 4.0 3.0 1.0 5.0 0.0 0.0 4.0 5.0 1.0 0.0 3.0 6.0 4.0 1.0 2.0 2.0 1.0 1.0 6.0 5.0 2.0 5.0 2.0 1.0 4.0 5.0 1.0 5.0 2.0 0.0 2.0 6.0 4.0 0.0 1.0 3.0 6.0 0.0 0.0 5.0 4.0 0.0 1.0 3.0 3.0 0.0 3.0 2.0 6.0 0.0 3.0 4.0 1.0 5.0 2.0 5.0 1.0 6.0 3.0 1.0 1.0 5.0 0.0 1.0 2.0 1.0 1.0 4.0 6.0 3.0 4.0 3.0 1.0 5.0 0.0 2.0 5.0 2.0 3.0 0.0 1.0 5.0 1.0 6.0 2.0 0.0 0.0 3.0 5.0 1.0 6.0 3.0 4.0 2.0 4.0 0.0
p19 0.0 2.0 0.0 4.0 3.0 2.0 4.0 2.0 3.0 1.0 2.0 6.0 5.0 1.0 6.0 4.0 2.0 6.0 4.0 6.0 0.0 4.0 2.0 0.0 2.0 3.0 3.0 4.0 3.0 1.0 1.0 1.0 0.0 5.0 1.0 5.0 2.0 0.0 6.0 0.0 0.0 6.0 0.0 1.0 4.0 4.0 5.0 4.0 0.0 4.0 4.0 3.0 4.0 1.0 5.0 1.0 6.0 1.0 0.0 1.0 5.0 4.0 4.0 0.0 2.0 0.0 5.0 0.0 1.0 5.0 3.0 4.0 1.0 6.0 3.0 2.0 5.0 4.0 6.0 2.0 6.0 4.0 4.0 5.0 2.0 0.0 6.0 5.0 2.0 1.0 5.0 3.0 1.0 6.0 6.0 4.0
p20 2.0 3.0 5.0 1.0 2.0 4.0 6.0 2.0 2.0 0.0 5.0 3.0 5.0 6.0 4.0 5.0 0.0 1.0 3.0 1.0 1.0 1.0 1.0 2.0 6.0 1.0 5.0 1.0 6.0 0.0 4.0 2.0 6.0 6.0 1.0 5.0 2.0 4.0 4.0 2.0 5.0 1.0 4.0 2.0 0.0 3.0 1.0 2.0 2.0 3.0 3.0 4.0 0.0 6.0 1.0 0.0 6.0 1.0 2.0 6.0 4.0 5.0 3.0 3.0 2.0 3.0 1.0 6.0 3.0 3.0 1.0 6.0 6.0 2.0 3.0 5.0 1.0 5.0 1.0 4.0 6.0 6.0 1.0 0.0 5.0 6.0 5.0 6.0 0.0 4.0 5.0 1.0 6.0 0.0 5.0 5.0
p21 6.0 2.0 0.0 1.0 3.0 0.0 0.0 5.0 6.0 2.0 1.0 0.0 6.0 4.0 3.0 2.0 2.0 0.0 2.0 3.0 0.0 6.0 6.0 3.0 2.0 2.0 2.0 2.0 0.0 2.0 2.0 4.0 2.0 4.0 5.0 1.0 5.0 5.0 5.0 6.0 1.0 3.0 0.0 1.0 6.0 5.0 1.0 0.0 0.0 6.0 3.0 2.0 3.0 5.0 5.0 3.0 6.0 5.0 3.0 6.0 4.0 5.0 3.0 3.0 0.0 3.0 5.0 0.0 3.0 5.0 5.0 1.0 2.0 4.0 1.0 3.0 3.0 0.0 1.0 0.0 2.0 0.0 1.0 5.0 0.0 0.0 6.0 0.0 0.0 1.0 2.0 3.0 2.0 6.0 2.0 2.0
p22 1.0 3.0 1.0 0.0 3.0 3.0 5.0 0.0 0.0 3.0 6.0 3.0 5.0 4.0 2.0 2.0 5.0 3.0 4.0 0.0 0.0 0.0 5.0 6.0 6.0 2.0 5.0 4.0 2.0 2.0 6.0 6.0 4.0 5.0 3.0 1.0 0.0 2.0 0.0 6.0 3.0 3.0 0.0 2.0 2.0 1.0 1.0 6.0 5.0 2.0 0.0 2.0 3.0 4.0 6.0 4.0 1.0 5.0 5.0 6.0 6.0 5.0 5.0 5.0 4.0 0.0 1.0 0.0 5.0 6.0 3.0 1.0 5.0 5.0 0.0 2.0 4.0 1.0 4.0 0.0 4.0 5.0 5.0 3.0 0.0 5.0 4.0 2.0 1.0 5.0 2.0 1.0 1.0 6.0 1.0 0.0
p23 1.0 0.0 1.0 3.0 1.0 4.0 0.0 0.0 2.0 1.0 1.0 5.0 2.0 0.0 1.0 1.0 2.0 6.0 4.0 1.0 2.0 4.0 6.0 2.0 3.0 5.0 0.0 0.0 4.0 3.0 1.0 2.0 4.0 2.0 5.0 0.0 2.0 4.0 5.0 0.0 4.0 0.0 3.0 5.0 4.0 5.0 3.0 2.0 1.0 0.0 5.0 4.0 1.0 1.0 4.0 0.0 1.0 3.0 6.0 3.0 6.0 2.0 2.0 0.0 5.0 4.0 0.0 1.0 3.0 5.0 1.0 0.0 0.0 3.0 0.0 3.0 0.0 2.0 6.0 2.0 6.0 3.0 3.0 6.0 4.0 0.0 3.0 5.0 6.0 1.0 4.0 6.0 6.0 5.0 0.0 0.0
p24 6.0 0.0 4.0 3.0 5.0 1.0 4.0 1.0 6.0 5.0 1.0 5.0 4.0 1.0 2.0 3.0 1.0 6.0 0.0 6.0 3.0 3.0 3.0 5.0 3.0 5.0 4.0 4.0 4.0 2.0 1.0 6.0 5.0 1.0 4.0 6.0 3.0 2.0 0.0 5.0 3.0 0.0 4.0 2.0 5.0 4.0 5.0 1.0 6.0 2.0 2.0 2.0 2.0 5.0 1.0 5.0 1.0 6.0 0.0 0.0 4.0 4.0 3.0 0.0 2.0 2.0 4.0 3.0 6.0 6.0 1.0 5.0 1.0 0.0 4.0 1.0 4.0 4.0 6.0 4.0 0.0 1.0 0.0 0.0 5.0 0.0 2.0 5.0 3.0 5.0 2.0 3.0 4.0 1.0 0.0 3.0
p25 0.0 1.0 3.0 6.0 0.0 2.0 3.0 2.0 1.0 1.0 5.0 5.0 3.0 6.0 2.0 0.0 2.0 4.0 6.0 4.0 1.0 3.0 6.0 3.0 5.0 4.0 2.0 6.0 6.0 5.0 5.0 3.0 2.0 6.0 6.0 0.0 3.0 4.0 0.0 1.0 4.0 6.0 3.0 1.0 3.0 0.0 6.0 0.0 2.0 1.0 1.0 0.0 6.0 2.0 0.0 5.0 1.0 1.0 2.0 6.0 4.0 4.0 1.0 2.0 2.0 6.0 1.0 2.0 6.0 2.0 0.0 5.0 3.0 0.0 2.0 1.0 0.0 6.0 1.0 5.0 0.0 3.0 0.0 2.0 4.0 4.0 5.0 3.0 1.0 0.0 3.0 5.0 4.0 3.0 2.0 1.0
p26 1.0 2.0 6.0 4.0 3.0 5.0 5.0 6.0 4.0 2.0 1.0 6.0 6.0 2.0 5.0 0.0 0.0 5.0 6.0 1.0 2.0 4.0 2.0 3.0 3.0 3.0 0.0 6.0 0.0 2.0 1.0 0.0 1.0 1.0 6.0 2.0 3.0 3.0 1.0 2.0 4.0 2.0 0.0 4.0 4.0 3.0 5.0 1.0 3.0 0.0 6.0 5.0 2.0 0.0 4.0 3.0 1.0 3.0 3.0 2.0 2.0 1.0 1.0 0.0 1.0 6.0 2.0 2.0 3.0 3.0 3.0 3.0 5.0 3.0 4.0 0.0 0.0 3.0 1.0 4.0 0.0 5.0 4.0 1.0 3.0 5.0 0.0 3.0 3.0 1.0 1.0 2.0 3.0 0.0 6.0 4.0
p27 4.0 0.0 4.0 2.0 0.0 4.0 2.0 6.0 1.0 1.0 5.0 2.0 3.0 5.0 3.0 4.0 4.0 6.0 2.0 0.0 1.0 1.0 4.0 5.0 5.0 2.0 4.0 5.0 4.0 1.0 4.0 4.0 3.0 1.0 0.0 1.0 2.0 4.0 3.0 6.0 0.0 4.0 3.0 4.0 3.0 1.0 2.0 4.0 6.0 6.0 1.0 2.0 0.0 5.0 5.0 0.0 6.0 3.0 3.0 2.0 1.0 0.0 4.0 6.0 4.0 1.0 1.0 1.0 6.0 0.0 2.0 1.0 2.0 2.0 0.0 6.0 0.0 1.0 1.0 6.0 0.0 2.0 4.0 3.0 1.0 1.0 2.0 1.0 2.0 0.0 1.0 1.0 2.0 0.0 6.0 2.0
p28 1.0 1.0 4.0 5.0 5.0 2.0 2.0 5.0 4.0 4.0 1.0 6.0 2.0 5.0 0.0 1.0 6.0 4.0 0.0 2.0 1.0 6.0 5.0 6.0 6.0 1.0 4.0 1.0 0.0 0.0 2.0 1.0 2.0 1.0 1.0 4.0 2.0 6.0 4.0 5.0 0.0 6.0 2.0 5.0 2.0 2.0 3.0 3.0 3.0 0.0 5.0 1.0 5.0 2.0 6.0 2.0 1.0 5.0 4.0 2.0 5.0 6.0 3.0 4.0 6.0 2.0 4.0 5.0 3.0 6.0 4.0 4.0 3.0 2.0 6.0 1.0 2.0 3.0 0.0 6.0 3.0 0.0 2.0 6.0 5.0 3.0 2.0 4.0 1.0 1.0 4.0 0.0 3.0 5.0 2.0 3.0
p29 5.0 6.0 6.0 3.0 4.0 5.0 2.0 4.0 0.0 3.0 3.0 1.0 1.0 6.0 2.0 1.0 0.0 0.0 2.0 2.0 4.0 4.0 1.0 1.0 4.0 0.0 2.0 3.0 1.0 0.0 0.0 3.0 2.0 5.0 2.0 3.0 6.0 3.0 1.0 2.0 1.0 2.0 6.0 3.0 4.0 1.0 6.0 1.0 2.0 1.0 3.0 0.0 6.0 0.0 3.0 0.0 2.0 6.0 1.0 6.0 6.0 3.0 1.0 0.0 6.0 1.0 3.0 6.0 6.0 1.0 1.0 5.0 3.0 0.0 0.0 0.0 2.0 1.0 0.0 0.0 3.0 5.0 6.0 3.0 0.0 2.0 1.0 4.0 4.0 2.0 4.0 1.0 1.0 3.0 0.0 4.0
p30 3.0 2.0 0.0 0.0 3.0 0.0 0.0 4.0 5.0 1.0 3.0 2.0 3.0 2.0 6.0 4.0 1.0 5.0 4.0 4.0 2.0 6.0 3.0 5.0 1.0 1.0 6.0 0.0 6.0 1.0 4.0 6.0 0.0 5.0 6.0 1.0 5.0 5.0 4.0 2.0 1.0 4.0 6.0 3.0 4.0 2.0 6.0 4.0 6.0 2.0 2.0 6.0 0.0 4.0 5.0 0.0 5.0 5.0 0.0 2.0 6.0 1.0 2.0 5.0 3.0 4.0 3.0 0.0 4.0 1.0 1.0 3.0 3.0 1.0 1.0 6.0 5.0 4.0 2.0 6.0 4.0 5.0 0.0 0.0 1.0 3.0 2.0 2.0 3.0 6.0 1.0 3.0 0.0 3.0 3.0 0.0
p31 3.0 2.0 2.0 2.0 0.0 4.0 5.0 4.0 5.0 3.0 1.0 0.0 0.0 2.0 3.0 4.0 4.0 0.0 5.0 5.0 2.0 6.0 0.0 6.0 1.0 2.0 0.0 1.0 2.0 2.0 1.0 3.0 2.0 0.0 0.0 5.0 1.0 2.0 4.0 4.0 4.0 5.0 1.0 2.0 5.0 6.0 3.0 1.0 0.0 0.0 1.0 0.0 5.0 6.0 2.0 5.0 5.0 0.0 6.0 3.0 6.0 5.0 4.0 1.0 5.0 0.0 1.0 2.0 4.0 2.0 4.0 5.0 4.0 0.0 1.0 3.0 4.0 2.0 3.0 5.0 6.0 4.0 3.0 0.0 3.0 1.0 5.0 6.0 3.0 0.0 2.0 4.0 6.0 2.0 1.0 0.0
p32 6.0 3.0 4.0 1.0 3.0 5.0 2.0 3.0 4.0 4.0 3.0 4.0 6.0 1.0 3.0 5.0 5.0 6.0 2.0 4.0 1.0 4.0 3.0 6.0 3.0 1.0 4.0 3.0 4.0 3.0 3.0 4.0 6.0 4.0 4.0 5.0 4.0 5.0 2.0 4.0 1.0 5.0 2.0 4.0 1.0 4.0 2.0 4.0 2.0 4.0 4.0 4.0 4.0 0.0 3.0 2.0 2.0 4.0 3.0 2.0 4.0 3.0 5.0 4.0 0.0 1.0 5.0 5.0 3.0 1.0 1.0 1.0 2.0 1.0 2.0 0.0 2.0 2.0 3.0 2.0 5.0 5.0 0.0 4.0 2.0 0.0 2.0 3.0 1.0 3.0 0.0 2.0 1.0 3.0 2.0 0.0
p33 3.0 5.0 3.0 4.0 1.0 0.0 5.0 4.0 5.0 1.0 0.0 1.0 1.0 2.0 2.0 5.0 5.0 1.0 4.0 2.0 2.0 2.0 1.0 5.0 0.0 1.0 2.0 1.0 4.0 2.0 4.0 4.0 4.0 4.0 5.0 4.0 0.0 1.0 0.0 4.0 0.0 4.0 4.0 0.0 3.0 6.0 0.0 3.0 2.0 2.0 3.0 3.0 1.0 4.0 5.0 2.0 1.0 2.0 2.0 5.0 5.0 6.0 2.0 1.0 1.0 2.0 4.0 1.0 2.0 1.0 5.0 3.0 0.0 4.0 6.0 4.0 6.0 0.0 1.0 5.0 6.0 0.0 3.0 2.0 4.0 6.0 1.0 0.0 2.0 2.0 5.0 6.0 2.0 5.0 3.0 1.0
p34 6.0 2.0 2.0 0.0 1.0 4.0 3.0 3.0 1.0 0.0 2.0 4.0 5.0 4.0 0.0 4.0 6.0 0.0 3.0 1.0 6.0 5.0 4.0 5.0 6.0 5.0 4.0 4.0 0.0 2.0 2.0 2.0 3.0 5.0 0.0 1.0 4.0 6.0 3.0 6.0 6.0 2.0 1.0 5.0 6.0 0.0 1.0 3.0 4.0 0.0 0.0 5.0 4.0 0.0 4.0 2.0 1.0 6.0 0.0 6.0 3.0 0.0 5.0 4.0 6.0 4.0 5.0 0.0 6.0 4.0 2.0 2.0 4.0 2.0 5.0 0.0 5.0 1.0 6.0 1.0 0.0 0.0 0.0 5.0 1.0 5.0 6.0 0.0 2.0 2.0 1.0 0.0 5.0 2.0 4.0 4.0
p35 1.0 0.0 4.0 5.0 0.0 4.0 6.0 1.0 1.0 0.0 6.0 1.0 6.0 5.0 1.0 4.0 3.0 1.0 4.0 0.0 0.0 6.0 6.0 6.0 0.0 6.0 2.0 6.0 5.0 5.0 5.0 2.0 4.0 4.0 0.0 4.0 5.0 1.0 5.0 4.0 4.0 0.0 2.0 1.0 5.0 4.0 1.0 3.0 4.0 1.0 2.0 3.0 2.0 3.0 1.0 2.0 2.0 6.0 3.0 0.0 2.0 2.0 0.0 2.0 3.0 2.0 6.0 4.0 3.0 6.0 5.0 2.0 1.0 4.0 1.0 0.0 2.0 6.0 4.0 4.0 0.0 3.0 0.0 1.0 0.0 6.0 2.0 0.0 0.0 4.0 0.0 1.0 0.0 4.0 6.0 0.0
p36 3.0 6.0 2.0 1.0 2.0 3.0 0.0 0.0 5.0 1.0 0.0 6.0 3.0 3.0 6.0 4.0 4.0 6.0 1.0 1.0 5.0 2.0 1.0 4.0 0.0 6.0 1.0 5.0 6.0 1.0 1.0 4.0 3.0 5.0 0.0 4.0 0.0 3.0 4.0 4.0 5.0 1.0 2.0 0.0 4.0 5.0 1.0 0.0 3.0 3.0 0.0 5.0 5.0 4.0 0.0 2.0 5.0 0.0 5.0 3.0 2.0 5.0 1.0 3.0 5.0 6.0 1.0 4.0 3.0 4.0 0.0 3.0 3.0 0.0 6.0 2.0 6.0 1.0 4.0 0.0 1.0 1.0 1.0 0.0 5.0 3.0 2.0 3.0 1.0 1.0 3.0 0.0 6.0 0.0 6.0 1.0
p37 1.0 4.0 3.0 4.0 5.0 0.0 4.0 0.0 5.0 3.0 2.0 6.0 6.0 1.0 5.0 5.0 0.0 3.0 0.0 4.0 6.0 2.0 4.0 0.0 6.0 6.0 5.0 0.0 2.0 6.0 0.0 0.0 0.0 4.0 1.0 2.0 0.0 2.0 1.0 0.0 0.0 1.0 4.0 3.0 2.0 1.0 3.0 2.0 4.0 4.0 1.0 1.0 6.0 3.0 0.0 4.0 0.0 1.0 0.0 2.0 1.0 5.0 6.0 6.0 6.0 6.0 3.0 3.0 6.0 3.0 6.0 4.0 3.0 2.0 5.0 0.0 6.0 6.0 5.0 1.0 4.0 2.0 3.0 0.0 2.0 3.0 1.0 6.0 0.0 4.0 1.0 5.0 1.0 2.0 4.0 1.0
p38 3.0 3.0 0.0 0.0 5.0 5.0 0.0 6.0 5.0 6.0 6.0 6.0 2.0 2.0 6.0 2.0 0.0 2.0 1.0 4.0 4.0 5.0 6.0 0.0 3.0 0.0 5.0 2.0 5.0 6.0 0.0 6.0 2.0 1.0 2.0 4.0 6.0 1.0 2.0 3.0 2.0 4.0 5.0 6.0 4.0 6.0 1.0 4.0 2.0 5.0 3.0 3.0 0.0 2.0 2.0 1.0 6.0 1.0 2.0 1.0 2.0 4.0 2.0 6.0 4.0 6.0 4.0 2.0 6.0 0.0 0.0 5.0 4.0 4.0 1.0 0.0 0.0 3.0 6.0 0.0 3.0 5.0 1.0 4.0 4.0 2.0 3.0 6.0 5.0 0.0 4.0 0.0 2.0 0.0 3.0 2.0
p39 1.0 1.0 1.0 5.0 4.0 4.0 5.0 4.0 5.0 2.0 0.0 4.0 2.0 4.0 1.0 2.0 3.0 2.0 5.0 5.0 3.0 5.0 2.0 6.0 2.0 1.0 3.0 2.0 5.0 4.0 3.0 0.0 6.0 2.0 1.0 4.0 5.0 1.0 1.0 2.0 0.0 2.0 0.0 5.0 3.0 5.0 1.0 4.0 1.0 6.0 5.0 2.0 0.0 0.0 6.0 0.0 1.0 4.0 5.0 6.0 4.0 0.0 6.0 3.0 3.0 4.0 4.0 3.0 0.0 3.0 4.0 2.0 4.0 3.0 6.0 1.0 2.0 0.0 0.0 5.0 0.0 2.0 0.0 0.0 3.0 2.0 4.0 0.0 5.0 1.0 0.0 6.0 4.0 0.0 0.0 1.0
p40 0.0 1.0 5.0 3.0 6.0 3.0 6.0 5.0 3.0 0.0 2.0 4.0 2.0 0.0 6.0 2.0 1.0 0.0 2.0 5.0 0.0 5.0 1.0 1.0 6.0 3.0 5.0 1.0 3.0 4.0 3.0 5.0 4.0 6.0 5.0 1.0 5.0 4.0 6.0 3.0 2.0 3.0 4.0 0.0 0.0 2.0 2.0 1.0 1.0 4.0 6.0 4.0 2.0 1.0 2.0 6.0 0.0 6.0 3.0 5.0 3.0 3.0 2.0 2.0 5.0 1.0 5.0 2.0 4.0 4.0 0.0 3.0 0.0 6.0 4.0 1.0 3.0 3.0 5.0 0.0 6.0 3.0 1.0 6.0 0.0 0.0 4.0 4.0 5.0 2.0 2.0 3.0 5.0 5.0 1.0 6.0
p41 3.0 3.0 1.0 5.0 6.0 4.0 3.0 3.0 5.0 5.0 2.0 5.0 3.0 3.0 5.0 5.0 5.0 2.0 0.0 1.0 6.0 0.0 1.0 3.0 3.0 2.0 0.0 0.0 1.0 5.0 5.0 2.0 2.0 0.0 0.0 0.0 4.0 6.0 0.0 5.0 0.0 0.0 1.0 4.0 3.0 6.0 0.0 3.0 0.0 1.0 6.0 2.0 0.0 3.0 0.0 1.0 1.0 0.0 3.0 0.0 2.0 1.0 6.0 0.0 6.0 3.0 2.0 6.0 5.0 5.0 6.0 6.0 5.0 3.0 3.0 0.0 3.0 2.0 2.0 1.0 2.0 2.0 1.0 6.0 3.0 5.0 5.0 5.0 5.0 2.0 5.0 0.0 2.0 4.0 6.0 0.0
p42 3.0 6.0 4.0 5.0 3.0 2.0 3.0 6.0 6.0 1.0 5.0 3.0 3.0 2.0 3.0 5.0 4.0 3.0 5.0 4.0 0.0 6.0 4.0 5.0 5.0 2.0 0.0 4.0 2.0 2.0 3.0 6.0 6.0 3.0 6.0 5.0 4.0 3.0 1.0 1.0 2.0 2.0 5.0 1.0 3.0 4.0 0.0 1.0 5.0 0.0 5.0 5.0 4.0 4.0 4.0 4.0 6.0 0.0 1.0 3.0 0.0 1.0 4.0 4.0 2.0 1.0 5.0 0.0 1.0 1.0 2.0 6.0 6.0 3.0 4.0 1.0 6.0 4.0 0.0 0.0 2.0 6.0 3.0 0.0 1.0 3.0 3.0 5.0 5.0 0.0 2.0 5.0 6.0 1.0 5.0 1.0
p43 3.0 4.0 2.0 5.0 6.0 2.0 3.0 5.0 2.0 0.0 3.0 2.0 4.0 0.0 3.0 0.0 2.0 0.0 0.0 2.0 0.0 0.0 6.0 5.0 3.0 6.0 1.0 5.0 5.0 5.0 5.0 3.0 5.0 0.0 2.0 5.0 4.0 3.0 0.0 2.0 4.0 4.0 0.0 5.0 1.0 5.0 0.0 3.0 2.0 6.0 0.0 1.0 0.0 3.0 4.0 3.0 0.0 0.0 4.0 5.0 5.0 2.0 2.0 0.0 3.0 5.0 6.0 1.0 2.0 4.0 6.0 3.0 2.0 0.0 0.0 6.0 2.0 0.0 6.0 5.0 5.0 5.0 3.0 5.0 4.0 2.0 6.0 6.0 2.0 3.0 2.0 1.0 6.0 2.0 0.0 2.0
p44 0.0 6.0 3.0 1.0 5.0 6.0 1.0 0.0 5.0 1.0 4.0 1.0 5.0 3.0 0.0 4.0 0.0 0.0 1.0 5.0 6.0 3.0 4.0 3.0 0.0 5.0 2.0 4.0 0.0 5.0 5.0 4.0 5.0 3.0 6.0 4.0 2.0 1.0 6.0 0.0 6.0 4.0 6.0 2.0 6.0 1.0 3.0 0.0 4.0 4.0 2.0 0.0 0.0 3.0 2.0 6.0 0.0 0.0 6.0 5.0 0.0 5.0 6.0 4.0 1.0 2.0 0.0 3.0 0.0 3.0 4.0 6.0 6.0 6.0 4.0 0.0 1.0 4.0 1.0 6.0 1.0 0.0 5.0 2.0 0.0 2.0 6.0 6.0 1.0 3.0 4.0 4.0 5.0 4.0 4.0 2.0
p45 4.0 0.0 1.0 5.0 2.0 1.0 5.0 1.0 4.0 4.0 6.0 5.0 6.0 4.0 3.0 4.0 6.0 4.0 0.0 0.0 2.0 4.0 2.0 2.0 5.0 1.0 0.0 0.0 2.0 6.0 1.0 1.0 1.0 3.0 3.0 5.0 5.0 0.0 4.0 1.0 6.0 1.0 6.0 1.0 5.0 5.0 3.0 4.0 3.0 1.0 3.0 1.0 5.0 0.0 5.0 5.0 2.0 3.0 0.0 1.0 6.0 1.0 5.0 5.0 5.0 3.0 6.0 5.0 3.0 2.0 4.0 6.0 1.0 5.0 4.0 6.0 3.0 0.0 4.0 3.0 5.0 3.0 5.0 2.0 4.0 6.0 4.0 1.0 6.0 6.0 6.0 4.0 2.0 1.0 3.0 1.0
p46 1.0 1.0 1.0 5.0 1.0 5.0 6.0 3.0 4.0 5.0 1.0 6.0 5.0 6.0 6.0 3.0 2.0 6.0 5.0 6.0 0.0 0.0 6.0 1.0 3.0 6.0 0.0 4.0 4.0 4.0 2.0 0.0 6.0 0.0 0.0 6.0 5.0 2.0 2.0 3.0 0.0 5.0 2.0 2.0 0.0 3.0 3.0 5.0 4.0 1.0 4.0 3.0 3.0 2.0 2.0 6.0 6.0 0.0 4.0 2.0 3.0 4.0 3.0 5.0 0.0 0.0 1.0 2.0 0.0 5.0 5.0 0.0 1.0 4.0 2.0 4.0 4.0 6.0 5.0 3.0 1.0 2.0 0.0 1.0 5.0 1.0 4.0 1.0 6.0 1.0 4.0 0.0 6.0 0.0 5.0 6.0
p47 5.0 1.0 0.0 2.0 1.0 5.0 5.0 3.0 4.0 4.0 0.0 2.0 0.0 4.0 4.0 4.0 0.0 2.0 3.0 6.0 1.0 0.0 5.0 6.0 5.0 5.0 0.0 0.0 4.0 3.0 5.0 4.0 2.0 1.0 4.0 0.0 5.0 0.0 3.0 0.0 5.0 0.0 0.0 0.0 0.0 2.0 3.0 2.0 2.0 2.0 6.0 4.0 4.0 6.0 1.0 3.0 1.0 1.0 3.0 0.0 6.0 2.0 1.0 4.0 1.0 0.0 3.0 4.0 4.0 0.0 0.0 0.0 3.0 0.0 1.0 5.0 0.0 6.0 6.0 1.0 2.0 0.0 3.0 1.0 0.0 0.0 0.0 6.0 6.0 6.0 0.0 3.0 4.0 4.0 3.0 5.0
p48 1.0 3.0 1.0 1.0 0.0 6.0 4.0 3.0 1.0 0.0 0.0 3.0 3.0 3.0 4.0 6.0 0.0 0.0 1.0 6.0 3.0 6.0 2.0 2.0 5.0 1.0 0.0 5.0 4.0 6.0 2.0 2.0 5.0 1.0 0.0 3.0 6.0 5.0 1.0 1.0 3.0 0.0 5.0 1.0 3.0 6.0 3.0 5.0 6.0 0.0 6.0 2.0 2.0 2.0 0.0 3.0 1.0 5.0 2.0 2.0 6.0 1.0 3.0 2.0 3.0 2.0 3.0 0.0 3.0 4.0 6.0 5.0 4.0 4.0 4.0 6.0 3.0 2.0 0.0 4.0 6.0 2.0 2.0 5.0 1.0 1.0 4.0 0.0 3.0 2.0 0.0 0.0 0.0 2.0 5.0 6.0
p49 5.0 4.0 3.0 2.0 6.0 6.0 0.0 4.0 2.0 4.0 3.0 6.0 1.0 6.0 2.0 3.0 1.0 5.0 1.0 4.0 5.0 5.0 4.0 1.0 4.0 2.0 6.0 1.0 0.0 1.0 3.0 2.0 0.0 4.0 3.0 5.0 1.0 2.0 0.0 0.0 3.0 0.0 2.0 2.0 6.0 0.0 3.0 5.0 1.0 1.0 6.0 2.0 4.0 6.0 0.0 3.0 3.0 3.0 0.0 2.0 0.0 2.0 3.0 1.0 1.0 5.0 2.0 3.0 5.0 4.0 1.0 0.0 2.0 2.0 5.0 1.0 0.0 0.0 2.0 2.0 0.0 0.0 5.0 1.0 0.0 4.0 3.0 6.0 4.0 0.0 0.0 0.0 5.0 4.0 0.0 1.0
p50 4.0 0.0 6.0 3.0 4.0 5.0 6.0 4.0 6.0 6.0 5.0 0.0 3.0 0.0 0.0 4.0 6.0 1.0 2.0 6.0 3.0 1.0 5.0 1.0 4.0 6.0 1.0 0.0 1.0 2.0 6.0 6.0 0.0 2.0 1.0 6.0 4.0 0.0 1.0 3.0 3.0 4.0 3.0 3.0 5.0 3.0 6.0 0.0 5.0 0.0 0.0 1.0 3.0 5.0 1.0 6.0 5.0 3.0 6.0 6.0 2.0 0.0 5.0 4.0 0.0 4.0 2.0 6.0 1.0 0.0 1.0 6.0 3.0 0.0 1.0 2.0 5.0 0.0 0.0 4.0 1.0 5.0 2.0 1.0 4.0 0.0 0.0 2.0 2.0 3.0 2.0 3.0 6.0 4.0 1.0 0.0
