p1 4.0 0.0 3.0 2.0 5.0 4.0 0.0 0.0 4.0 5.0 6.0 1.0 4.0 4.0 6.0 2.0 1.0 6.0 1.0 0.0 3.0 6.0 5.0 1.0 5.0 5.0 2.0 6.0 2.0 1.0 3.0 1.0 1.0 0.0 1.0 1.0 6.0 3.0 2.0 5.0 0.0 0.0 1.0 4.0 1.0 5.0 2.0 0.0
p2 2.0 2.0 0.0 6.0 3.0 2.0 0.0 1.0 0.0 0.0 2.0 1.0 2.0 2.0 5.0 2.0 2.0 1.0 0.0 0.0 1.0 1.0 4.0 4.0 3.0 4.0 3.0 1.0 0.0 4.0 3.0 3.0 0.0 6.0 0.0 6.0 0.0 1.0 3.0 0.0 0.0 3.0 6.0 1.0 2.0 2.0 0.0 1.0
p3 5.0 4.0 0.0 6.0 2.0 6.0 0.0 6.0 3.0 1.0 0.0 2.0 6.0 3.0 4.0 4.0 2.0 6.0 6.0 3.0 5.0 1.0 6.0 2.0 5.0 6.0 1.0 5.0 3.0 4.0 0.0 6.0 0.0 6.0 2.0 2.0 2.0 2.0 4.0 2.0 0.0 0.0 1.0 3.0 4.0 2.0 6.0 3.0
p4 0.0 5.0 5.0 2.0 4.0 1.0 6.0 2.0 1.0 6.0 4.0 0.0 2.0 1.0 3.0 6.0 4.0 5.0 2.0 4.0 0.0 2.0 1.0 3.0 5.0 4.0 0.0 2.0 1.0 0.0 5.0 3.0 0.0 5.0 5.0 1.0 5.0 3.0 6.0 0.0 2.0 4.0 1.0 1.0 5.0 3.0 0.0 6.0
p5 1.0 0.0 6.0 4.0 0.0 6.0 3.0 5.0 6.0 4.0 3.0 3.0 3.0 2.0 4.0 3.0 4.0 0.0 2.0 5.0 4.0 0.0 6.0 6.0 6.0 0.0 3.0 3.0 2.0 6.0 3.0 1.0 3.0 4.0 3.0 6.0 5.0 2.0 0.0 6.0 1.0 3.0 3.0 4.0 5.0 4.0 4.0 6.0
p6 0.0 5.0 4.0 6.0 3.0 6.0 2.0 3.0 0.0 3.0 1.0 0.0 6.0 1.0 6.0 6.0 3.0 5.0 5.0 4.0 3.0 6.0 4.0 3.0 6.0 5.0 4.0 1.0 6.0 4.0 4.0 6.0 6.0 5.0 2.0 1.0 6.0 2.0 5.0 0.0 1.0 6.0 2.0 2.0 4.0 0.0 4.0 6.0
p7 4.0 6.0 4.0 2.0 5.0 4.0 5.0 6.0 1.0 0.0 1.0 0.0 0.0 1.0 0.0 0.0 2.0 5.0 5.0 2.0 0.0 0.0 4.0 1.0 2.0 5.0 5.0 4.0 0.0 5.0 5.0 6.0 4.0 4.0 2.0 6.0 0.0 0.0 0.0 5.0 0.0 1.0 0.0 5.0 1.0 6.0 5.0 5.0
p8 0.0 0.0 2.0 1.0 3.0 3.0 0.0 2.0 5.0 1.0 2.0 5.0 6.0 3.0 0.0 4.0 1.0 5.0 6.0 0.0 6.0 6.0 6.0 4.0 2.0 0.0 6.0 0.0 3.0 2.0 6.0 4.0 3.0 6.0 0.0 5.0 0.0 3.0 4.0 1.0 1.0 1.0 3.0 3.0 2.0 2.0 0.0 0.0
p9 5.0 5.0 0.0 3.0 5.0 1.0 3.0 5.0 5.0 1.0 3.0 4.0 4.0 4.0 1.0 0.0 4.0 5.0 1.0 0.0 0.0 4.0 0.0 3.0 2.0 2.0 6.0 6.0 4.0 1.0 2.0 1.0 0.0 2.0 2.0 2.0 1.0 4.0 5.0 5.0 5.0 3.0 5.0 0.0 5.0 1.0 6.0 2.0
p10 1.0 6.0 2.0 0.0 6.0 0.0 1.0 5.0 0.0 0.0 6.0 3.0 2.0 2.0 1.0 0.0 6.0 3.0 5.0 0.0 1.0 2.0 1.0 3.0 5.0 1.0 2.0 2.0 4.0 0.0 3.0 3.0 5.0 2.0 6.0 4.0 1.0 1.0 0.0 1.0 0.0 0.0 0.0 2.0 0.0 4.0 1.0 6.0
p11 0.0 2.0 1.0 2.0 6.0 0.0 4.0 2.0 3.0 4.0 5.0 3.0 5.0 4.0 2.0 0.0 2.0 0.0 2.0 1.0 1.0 5.0 2.0 1.0 2.0 5.0 6.0 3.0 0.0 5.0 6.0 6.0 3.0 4.0 2.0 0.0 0.0 1.0 2.0 4.0 1.0 3.0 2.0 0.0 6.0 3.0 4.0 3.0
p12 3.0 4.0 3.0 2.0 1.0 2.0 6.0 2.0 1.0 0.0 1.0 2.0 0.0 5.0 3.0 1.0 2.0 5.0 4.0 4.0 6.0 6.0 0.0 0.0 3.0 0.0 1.0 4.0 4.0 4.0 0.0 4.0 4.0 2.0 5.0 5.0 0.0 0.0 2.0 0.0 4.0 1.0 1.0 1.0 1.0 2.0 5.0 3.0
p13 4.0 0.0 6.0 6.0 1.0 5.0 3.0 0.0 4.0 4.0 6.0 6.0 4.0 2.0 5.0 2.0 1.0 0.0 4.0 2.0 3.0 2.0 2.0 0.0 0.0 4.0 2.0 4.0 4.0 1.0 3.0 4.0 4.0 1.0 6.0 4.0 2.0 5.0 1.0 4.0 2.0 5.0 2.0 3.0 1.0 6.0 2.0 5.0
p14 3.0 0.0 4.0 3.0 0.0 1.0 2.0 2.0 0.0 2.0 0.0 0.0 5.0 6.0 0.0 5.0 5.0 6.0 5.0 3.0 2.0 1.0 3.0 2.0 4.0 5.0 1.0 4.0 4.0 4.0 6.0 1.0 4.0 5.0 1.0 3.0 0.0 3.0 4.0 1.0 1.0 0.0 2.0 1.0 5.0 1.0 0.0 4.0
p15 2.0 2.0 6.0 0.0 3.0 3.0 0.0 1.0 4.0 0.0 4.0 0.0 6.0 5.0 5.0 0.0 3.0 1.0 3.0 0.0 0.0 3.0 3.0 6.0 4.0 2.0 3.0 4.0 4.0 2.0 2.0 5.0 3.0 5.0 4.0 0.0 2.0 3.0 6.0 1.0 3.0 0.0 1.0 4.0 0.0 1.0 5.0 3.0
p16 6.0 2.0 0.0 6.0 0.0 2.0 0.0 2.0 5.0 4.0 1.0 4.0 0.0 6.0 1.0 1.0 5.0 2.0 6.0 2.0 0.0 6.0 6.0 4.0 1.0 0.0 3.0 6.0 1.0 3.0 2.0 6.0 6.0 2.0 4.0 4.0 0.0 0.0 6.0 2.0 1.0 3.0 6.0 0.0 3.0 0.0 4.0 2.0
p17 0.0 3.0 3.0 0.0 1.0 4.0 1.0 4.0 0.0 5.0 1.0 0.0 0.0 1.0 6.0 1.0 5.0 5.0 2.0 5.0 0.0 1.0 2.0 4.0 2.0 6.0 6.0 4.0 2.0 6.0 1.0 0.0 4.0 0.0 0.0 6.0 4.0 4.0 2.0 4.0 2.0 3.0 4.0 4.0 0.0 0.0 3.0 3.0
p18 0.0 1.0 5.0 4.0 1.0 0.0 1.0 1.0 5.0 1.0 3.0 2.0 1.0 1.0 5.0 2.0 5.0 4.0 0.0 3.0 0.0 2.0 3.0 2.0 4.0 5.0 3.0 3.0 2.0 4.0 6.0 5.0 4.0 6.0 5.0 5.0 1.0 3.0 3.0 6.0 0.0 5.0 2.0 1.0 0.0 6.0 3.0 2.0
p19 4.0 1.0 0.0 2.0 0.0 4.0 6.0 1.0 6.0 5.0 1.0 1.0 3.0 4.0 2.0 0.0 0.0 1.0 6.0 3.0 1.0 5.0 1.0 0.0 6.0 2.0 1.0 0.0 1.0 1.0 4.0 4.0 4.0 0.0 4.0 4.0 4.0 6.0 0.0 2.0 0.0 4.0 0.0 0.0 3.0 5.0 1.0 0.0
p20 3.0 4.0 2.0 1.0 2.0 1.0 5.0 1.0 4.0 0.0 0.0 0.0 1.0 6.0 1.0 1.0 0.0 0.0 1.0 5.0 1.0 1.0 6.0 0.0 3.0 0.0 2.0 3.0 0.0 3.0 0.0 4.0 1.0 3.0 2.0 6.0 3.0 3.0 3.0 2.0 0.0 3.0 3.0 6.0 5.0 6.0 3.0 0.0
p21 0.0 0.0 1.0 1.0 2.0 6.0 6.0 4.0 3.0 6.0 5.0 5.0 6.0 4.0 0.0 5.0 2.0 3.0 0.0 1.0 2.0 3.0 4.0 4.0 0.0 3.0 2.0 0.0 1.0 5.0 0.0 0.0 4.0 0.0 2.0 0.0 0.0 5.0 5.0 1.0 2.0 0.0 3.0 2.0 4.0 3.0 6.0 6.0
p22 3.0 1.0 4.0 3.0 0.0 1.0 3.0 3.0 2.0 4.0 0.0 4.0 4.0 0.0 1.0 6.0 3.0 3.0 2.0 1.0 4.0 4.0 6.0 6.0 1.0 6.0 6.0 1.0 0.0 1.0 2.0 0.0 0.0 6.0 5.0 2.0 1.0 6.0 3.0 2.0 4.0 2.0 0.0 6.0 3.0 0.0 3.0 1.0
p23 5.0 3.0 2.0 3.0 4.0 1.0 0.0 5.0 5.0 3.0 1.0 6.0 3.0 3.0 6.0 0.0 2.0 4.0 4.0 3.0 6.0 4.0 0.0 6.0 6.0 1.0 2.0 1.0 6.0 4.0 1.0 3.0 6.0 2.0 0.0 2.0 4.0 3.0 6.0 1.0 1.0 6.0 4.0 2.0 2.0 1.0 1.0 2.0
p24 4.0 0.0 5.0 2.0 6.0 4.0 0.0 1.0 2.0 0.0 3.0 0.0 1.0 5.0 3.0 0.0 0.0 6.0 3.0 6.0 4.0 2.0 0.0 6.0 3.0 0.0 0.0 3.0 5.0 0.0 0.0 2.0 2.0 2.0 6.0 3.0 4.0 6.0 1.0 3.0 5.0 6.0 2.0 3.0 1.0 6.0 0.0 2.0
p25 0.0 0.0 0.0 0.0 0.0 4.0 0.0 5.0 5.0 1.0 2.0 0.0 6.0 1.0 4.0 2.0 6.0 4.0 1.0 0.0 2.0 4.0 3.0 4.0 2.0 5.0 0.0 5.0 3.0 3.0 3.0 0.0 0.0 4.0 3.0 2.0 1.0 5.0 1.0 4.0 6.0 1.0 4.0 4.0 5.0 1.0 2.0 3.0
p26 5.0 2.0 6.0 5.0 0.0 0.0 3.0 2.0 1.0 1.0 3.0 4.0 0.0 0.0 2.0 4.0 3.0 2.0 2.0 4.0 4.0 4.0 5.0 4.0 5.0 1.0 2.0 5.0 5.0 0.0 1.0 3.0 6.0 3.0 0.0 4.0 2.0 5.0 0.0 4.0 0.0 2.0 4.0 5.0 0.0 0.0 2.0 4.0
p27 2.0 4.0 0.0 2.0 1.0 0.0 0.0 4.0 5.0 0.0 3.0 3.0 6.0 5.0 1.0 5.0 2.0 2.0 0.0 6.0 2.0 2.0 0.0 6.0 0.0 2.0 2.0 4.0 0.0 0.0 4.0 0.0 6.0 3.0 5.0 4.0 4.0 2.0 0.0 6.0 0.0 1.0 0.0 0.0 2.0 0.0 1.0 1.0
p28 4.0 2.0 1.0 5.0 1.0 0.0 5.0 6.0 0.0 5.0 6.0 1.0 2.0 0.0 0.0 2.0 6.0 5.0 5.0 5.0 1.0 6.0 0.0 0.0 6.0 6.0 2.0 0.0 4.0 3.0 1.0 1.0 3.0 6.0 5.0 3.0 6.0 4.0 3.0 0.0 4.0 1.0 3.0 6.0 3.0 5.0 4.0 0.0
p29 2.0 6.0 0.0 3.0 0.0 4.0 2.0 3.0 4.0 6.0 1.0 4.0 6.0 4.0 1.0 3.0 4.0 3.0 5.0 2.0 1.0 6.0 2.0 6.0 0.0 6.0 4.0 6.0 5.0 5.0 1.0 3.0 5.0 2.0 4.0 2.0 6.0 6.0 2.0 2.0 5.0 1.0 2.0 4.0 1.0 0.0 2.0 2.0
p30 4.0 0.0 4.0 3.0 6.0 0.0 0.0 0.0 6.0 0.0 5.0 1.0 1.0 0.0 4.0 4.0 2.0 2.0 6.0 0.0 2.0 1.0 3.0 0.0 3.0 5.0 1.0 0.0 6.0 0.0 1.0 2.0 0.0 0.0 5.0 0.0 3.0 4.0 1.0 4.0 6.0 0.0 0.0 4.0 6.0 3.0 1.0 6.0
p31 2.0 1.0 4.0 0.0 1.0 6.0 5.0 0.0 0.0 6.0 1.0 0.0 3.0 4.0 6.0 1.0 4.0 2.0 1.0 5.0 2.0 6.0 5.0 2.0 6.0 2.0 4.0 2.0 3.0 5.0 2.0 0.0 6.0 0.0 4.0 5.0 0.0 2.0 5.0 0.0 6.0 2.0 0.0 1.0 1.0 6.0 0.0 5.0
p32 0.0 0.0 1.0 6.0 2.0 3.0 0.0 0.0 5.0 5.0 0.0 3.0 0.0 2.0 4.0 0.0 5.0 3.0 0.0 4.0 4.0 3.0 5.0 2.0 1.0 1.0 2.0 6.0 0.0 2.0 6.0 1.0 3.0 1.0 0.0 1.0 0.0 2.0 4.0 1.0 0.0 0.0 2.0 6.0 2.0 5.0 1.0 6.0
p33 4.0 5.0 1.0 6.0 2.0 4.0 4.0 3.0 0.0 5.0 6.0 3.0 1.0 3.0 1.0 1.0 2.0 6.0 2.0 6.0 3.0 2.0 1.0 2.0 4.0 4.0 3.0 6.0 1.0 0.0 0.0 6.0 5.0 3.0 3.0 0.0 5.0 2.0 5.0 5.0 4.0 2.0 0.0 4.0 4.0 2.0 4.0 1.0
p34 1.0 1.0 1.0 6.0 3.0 0.0 0.0 1.0 5.0 5.0 1.0 1.0 1.0 5.0 4.0 0.0 5.0 2.0 0.0 2.0 1.0 2.0 3.0 1.0 0.0 0.0 5.0 2.0 1.0 6.0 3.0 3.0 0.0 4.0 5.0 1.0 1.0 0.0 6.0 4.0 4.0 1.0 2.0 1.0 4.0 3.0 3.0 3.0
p35 1.0 1.0 2.0 0.0 6.0 3.0 1.0 0.0 0.0 0.0 0.0 1.0 3.0 1.0 1.0 4.0 3.0 6.0 2.0 6.0 5.0 0.0 4.0 4.0 4.0 2.0 1.0 3.0 6.0 4.0 3.0 2.0 6.0 1.0 1.0 6.0 4.0 3.0 5.0 0.0 0.0 4.0 3.0 5.0 3.0 0.0 1.0 0.0
p36 2.0 3.0 0.0 0.0 2.0 6.0 3.0 3.0 5.0 0.0 3.0 4.0 3.0 5.0 2.0 0.0 5.0 3.0 6.0 3.0 4.0 0.0 6.0 6.0 4.0 5.0 1.0 3.0 0.0 0.0 4.0 0.0 1.0 0.0 6.0 4.0 6.0 3.0 5.0 6.0 2.0 4.0 5.0 0.0 2.0 4.0 2.0 0.0
p37 5.0 0.0 1.0 0.0 2.0 0.0 2.0 2.0 0.0 0.0 2.0 6.0 1.0 4.0 6.0 1.0 5.0 6.0 4.0 3.0 0.0 6.0 5.0 2.0 5.0 2.0 1.0 1.0 1.0 0.0 2.0 1.0 4.0 3.0 1.0 6.0 5.0 1.0 3.0 4.0 2.0 1.0 6.0 2.0 0.0 0.0 6.0 3.0
p38 3.0 6.0 2.0 3.0 3.0 1.0 5.0 1.0 6.0 5.0 4.0 3.0 5.0 4.0 1.0 2.0 4.0 0.0 0.0 2.0 0.0 5.0 0.0 5.0 1.0 0.0 2.0 0.0 6.0 5.0 2.0 2.0 1.0 4.0 5.0 1.0 4.0 6.0 0.0 0.0 4.0 6.0 3.0 2.0 3.0 1.0 3.0 2.0
p39 1.0 5.0 0.0 1.0 0.0 0.0 0.0 5.0 5.0 0.0 6.0 4.0 6.0 2.0 6.0 3.0 6.0 3.0 0.0 1.0 5.0 1.0 0.0 5.0 2.0 1.0 1.0 5.0 5.0 2.0 4.0 0.0 0.0 4.0 1.0 1.0 1.0 2.0 5.0 1.0 6.0 2.0 5.0 6.0 6.0 1.0 5.0 1.0
p40 3.0 5.0 1.0 2.0 4.0 5.0 2.0 1.0 0.0 5.0 0.0 0.0 2.0 2.0 2.0 5.0 0.0 6.0 3.0 3.0 2.0 6.0 2.0 3.0 5.0 2.0 1.0 6.0 3.0 0.0 5.0 1.0 2.0 4.0 3.0 5.0 1.0 3.0 3.0 6.0 1.0 5.0 6.0 0.0 0.0 1.0 6.0 2.0
p41 1.0 2.0 1.0 1.0 2.0 6.0 0.0 0.0 0.0 2.0 6.0 1.0 4.0 2.0 1.0 6.0 4.0 4.0 2.0 2.0 3.0 4.0 6.0 5.0 6.0 5.0 2.0 5.0 4.0 1.0 1.0 0.0 6.0 4.0 0.0 0.0 5.0 3.0 1.0 0.0 4.0 0.0 3.0 3.0 2.0 2.0 1.0 0.0
p42 3.0 5.0 4.0 2.0 1.0 6.0 3.0 3.0 6.0 5.0 5.0 2.0 0.0 6.0 2.0 1.0 5.0 3.0 5.0 1.0 5.0 0.0 0.0 2.0 0.0 2.0 2.0 4.0 3.0 3.0 0.0 6.0 0.0 4.0 0.0 2.0 3.0 0.0 6.0 1.0 2.0 4.0 0.0 6.0 0.0 1.0 4.0 6.0
p43 2.0 0.0 5.0 4.0 6.0 0.0 5.0 2.0 5.0 1.0 2.0 5.0 2.0 0.0 2.0 4.0 3.0 1.0 1.0 2.0 0.0 0.0 0.0 6.0 5.0 0.0 4.0 3.0 1.0 0.0 2.0 2.0 0.0 3.0 2.0 0.0 6.0 1.0 3.0 1.0 3.0 4.0 2.0 0.0 5.0 0.0 4.0 3.0
p44 4.0 0.0 1.0 0.0 2.0 6.0 3.0 6.0 1.0 1.0 1.0 4.0 3.0 1.0 2.0 3.0 2.0 3.0 6.0 0.0 5.0 5.0 0.0 6.0 4.0 5.0 0.0 3.0 1.0 6.0 2.0 2.0 3.0 3.0 3.0 0.0 1.0 4.0 2.0 6.0 4.0 2.0 4.0 2.0 1.0 5.0 1.0 5.0
p45 1.0 1.0 3.0 3.0 4.0 2.0 3.0 4.0 2.0 4.0 1.0 4.0 5.0 4.0 6.0 0.0 1.0 2.0 4.0 5.0 4.0 0.0 2.0 2.0 5.0 6.0 5.0 4.0 2.0 0.0 3.0 3.0 1.0 0.0 0.0 1.0 6.0 1.0 2.0 2.0 5.0 3.0 1.0 0.0 3.0 0.0 1.0 1.0
p46 2.0 1.0 4.0 0.0 1.0 2.0 4.0 0.0 6.0 5.0 6.0 3.0 0.0 6.0 2.0 4.0 5.0 2.0 5.0 2.0 6.0 6.0 3.0 1.0 0.0 1.0 0.0 1.0 5.0 0.0 0.0 0.0 4.0 2.0 5.0 3.0 2.0 5.0 4.0 3.0 6.0 5.0 2.0 0.0 0.0 0.0 2.0 0.0
p47 4.0 2.0 1.0 2.0 6.0 0.0 1.0 2.0 3.0 0.0 4.0 4.0 2.0 4.0 2.0 5.0 0.0 0.0 4.0 2.0 0.0 3.0 5.0 2.0 5.0 0.0 3.0 5.0 1.0 4.0 5.0 6.0 5.0 4.0 4.0 4.0 4.0 2.0 2.0 3.0 1.0 0.0 2.0 4.0 1.0 2.0 2.0 1.0
p48 6.0 4.0 1.0 6.0 1.0 5.0 1.0 2.0 5.0 2.0 2.0 5.0 3.0 3.0 2.0 1.0 5.0 4.0 1.0 1.0 2.0 6.0 0.0 4.0 2.0 6.0 5.0 3.0 1.0 3.0 5.0 5.0 1.0 4.0 2.0 4.0 4.0 3.0 0.0 4.0 4.0 5.0 1.0 2.0 5.0 5.0 3.0 2.0
p49 5.0 2.0 2.0 4.0 4.0 0.0 0.0 1.0 2.0 2.0 0.0 2.0 6.0 0.0 0.0 1.0 5.0 1.0 2.0 2.0 5.0 3.0 6.0 1.0 1.0 5.0 1.0 4.0 1.0 6.0 6.0 4.0 4.0 2.0 1.0 1.0 0.0 0.0 0.0 0.0 0.0 4.0 3.0 2.0 1.0 2.0 2.0 3.0
p50 4.0 4.0 0.0 2.0 4.0 4.0 4.0 5.0 6.0 4.0 0.0 0.0 2.0 4.0 3.0 1.0 6.0 0.0 0.0 6.0 2.0 6.0 6.0 3.0 1.0 6.0 3.0 3.0 6.0 0.0 5.0 6.0 6.0 0.0 0.0 1.0 0.0 5.0 3.0 6.0 0.0 6.0 0.0 6.0 2.0 3.0 6.0 3.0
p51 0.0 2.0 0.0 2.0 5.0 0.0 4.0 3.0 3.0 1.0 5.0 2.0 6.0 5.0 0.0 0.0 6.0 3.0 4.0 3.0 5.0 3.0 2.0 3.0 2.0 2.0 0.0 1.0 5.0 3.0 5.0 2.0 1.0 2.0 4.0 4.0 0.0 2.0 5.0 1.0 0.0 3.0 6.0 2.0 0.0 2.0 5.0 4.0
p52 1.0 1.0 3.0 1.0 0.0 1.0 2.0 6.0 4.0 3.0 1.0 5.0 5.0 5.0 3.0 0.0 6.0 2.0 6.0 1.0 3.0 3.0 4.0 5.0 5.0 3.0 4.0 2.0 1.0 1.0 5.0 1.0 3.0 5.0 0.0 4.0 3.0 1.0 2.0 3.0 5.0 2.0 3.0 0.0 2.0 2.0 6.0 3.0
p53 6.0 6.0 0.0 5.0 4.0 0.0 6.0 5.0 1.0 0.0 6.0 0.0 0.0 0.0 1.0 6.0 6.0 4.0 6.0 4.0 1.0 0.0 1.0 2.0 0.0 4.0 1.0 2.0 2.0 4.0 6.0 3.0 6.0 6.0 2.0 0.0 4.0 5.0 0.0 1.0 0.0 6.0 2.0 3.0 3.0 2.0 4.0 4.0
p54 6.0 4.0 2.0 6.0 6.0 2.0 2.0 3.0 3.0 0.0 2.0 2.0 2.0 0.0 5.0 0.0 3.0 4.0 3.0 0.0 1.0 3.0 3.0 5.0 3.0 0.0 2.0 6.0 3.0 0.0 4.0 0.0 2.0 5.0 4.0 3.0 4.0 3.0 5.0 3.0 4.0 0.0 0.0 5.0 5.0 1.0 2.0 1.0
p55 0.0 5.0 5.0 1.0 1.0 0.0 4.0 1.0 5.0 2.0 3.0 1.0 3.0 1.0 3.0 6.0 0.0 4.0 0.0 2.0 2.0 5.0 1.0 5.0 5.0 6.0 1.0 6.0 5.0 4.0 2.0 3.0 5.0 1.0 0.0 2.0 5.0 5.0 1.0 2.0 1.0 3.0 4.0 4.0 0.0 1.0 4.0 1.0
p56 5.0 6.0 1.0 1.0 5.0 0.0 5.0 6.0 3.0 6.0 1.0 0.0 2.0 5.0 3.0 4.0 6.0 1.0 0.0 2.0 5.0 5.0 1.0 5.0 0.0 0.0 4.0 0.0 0.0 6.0 6.0 5.0 1.0 4.0 5.0 4.0 1.0 1.0 0.0 0.0 3.0 0.0 5.0 0.0 2.0 0.0 6.0 3.0
p57 4.0 4.0 0.0 0.0 1.0 1.0 0.0 0.0 2.0 0.0 3.0 5.0 5.0 6.0 6.0 0.0 0.0 4.0 6.0 6.0 4.0 1.0 0.0 2.0 0.0 2.0 5.0 3.0 1.0 1.0 5.0 3.0 3.0 4.0 5.0 6.0 6.0 2.0 2.0 3.0 0.0 1.0 6.0 1.0 6.0 3.0 4.0 1.0
p58 5.0 2.0 4.0 1.0 1.0 2.0 1.0 1.0 6.0 3.0 6.0 0.0 0.0 1.0 5.0 1.0 2.0 2.0 1.0 1.0 3.0 1.0 5.0 0.0 3.0 2.0 6.0 2.0 3.0 3.0 3.0 5.0 2.0 5.0 6.0 6.0 4.0 2.0 2.0 1.0 3.0 2.0 1.0 3.0 0.0 2.0 6.0 1.0
p59 6.0 1.0 4.0 1.0 4.0 4.0 3.0 4.0 2.0 4.0 3.0 1.0 1.0 4.0 5.0 3.0 2.0 5.0 3.0 5.0 6.0 0.0 6.0 6.0 1.0 1.0 4.0 3.0 3.0 0.0 4.0 6.0 3.0 3.0 2.0 1.0 4.0 0.0 1.0 0.0 2.0 6.0 2.0 3.0 0.0 0.0 1.0 2.0
p60 1.0 3.0 1.0 5.0 2.0 3.0 2.0 5.0 2.0 0.0 1.0 2.0 1.0 1.0 1.0 3.0 5.0 0.0 3.0 2.0 4.0 2.0 1.0 3.0 1.0 6.0 1.0 6.0 0.0 0.0 0.0 0.0 4.0 5.0 0.0 1.0 0.0 1.0 5.0 2.0 2.0 1.0 4.0 3.0 1.0 3.0 2.0 5.0
p61 1.0 4.0 3.0 1.0 0.0 0.0 0.0 6.0 4.0 5.0 1.0 1.0 4.0 1.0 1.0 4.0 2.0 0.0 1.0 6.0 0.0 2.0 2.0 6.0 0.0 3.0 0.0 2.0 0.0 3.0 5.0 2.0 2.0 0.0 4.0 3.0 1.0 2.0 1.0 3.0 1.0 1.0 2.0 5.0 4.0 3.0 5.0 1.0
p62 5.0 2.0 6.0 1.0 3.0 6.0 1.0 1.0 0.0 6.0 6.0 5.0 3.0 1.0 2.0 0.0 5.0 4.0 5.0 3.0 0.0 2.0 2.0 3.0 2.0 1.0 5.0 4.0 0.0 4.0 6.0 3.0 1.0 6.0 5.0 2.0 4.0 5.0 5.0 2.0 0.0 2.0 6.0 6.0 1.0 1.0 0.0 0.0
p63 4.0 3.0 0.0 2.0 0.0 3.0 5.0 0.0 3.0 6.0 0.0 5.0 4.0 4.0 6.0 5.0 0.0 6.0 1.0 2.0 1.0 1.0 5.0 0.0 0.0 2.0 2.0 0.0 3.0 1.0 0.0 0.0 5.0 2.0 1.0 0.0 6.0 0.0 3.0 4.0 6.0 4.0 0.0 4.0 1.0 6.0 6.0 3.0
p64 1.0 4.0 2.0 5.0 2.0 3.0 2.0 3.0 2.0 6.0 6.0 6.0 1.0 5.0 5.0 2.0 2.0 5.0 2.0 6.0 4.0 2.0 4.0 0.0 4.0 6.0 2.0 0.0 1.0 1.0 4.0 0.0 5.0 5.0 1.0 5.0 3.0 0.0 2.0 4.0 6.0 1.0 3.0 6.0 2.0 1.0 0.0 3.0
p65 0.0 3.0 4.0 4.0 5.0 3.0 5.0 3.0 3.0 3.0 6.0 4.0 5.0 1.0 4.0 5.0 0.0 2.0 4.0 3.0 6.0 2.0 4.0 0.0 6.0 6.0 1.0 0.0 3.0 1.0 3.0 5.0 5.0 1.0 2.0 2.0 5.0 0.0 3.0 3.0 2.0 2.0 0.0 2.0 3.0 3.0 6.0 3.0
p66 4.0 0.0 2.0 2.0 0.0 3.0 1.0 1.0 0.0 2.0 1.0 1.0 0.0 1.0 2.0 4.0 2.0 0.0 2.0 2.0 0.0 0.0 5.0 0.0 4.0 1.0 0.0 3.0 0.0 5.0 0.0 6.0 0.0 2.0 2.0 2.0 6.0 6.0 4.0 0.0 3.0 6.0 4.0 2.0 2.0 6.0 5.0 5.0
p67 3.0 0.0 4.0 2.0 1.0 3.0 0.0 1.0 0.0 4.0 4.0 0.0 2.0 3.0 3.0 5.0 5.0 6.0 1.0 4.0 4.0 2.0 0.0 0.0 0.0 2.0 1.0 2.0 2.0 3.0 5.0 0.0 5.0 0.0 5.0 6.0 4.0 1.0 5.0 5.0 4.0 3.0 5.0 0.0 4.0 3.0 5.0 4.0
p68 4.0 0.0 4.0 3.0 4.0 5.0 0.0 0.0 4.0 4.0 2.0 2.0 4.0 3.0 3.0 1.0 1.0 6.0 3.0 0.0 2.0 0.0 3.0 1.0 6.0 4.0 1.0 4.0 2.0 6.0 2.0 5.0 6.0 1.0 1.0 0.0 5.0 5.0 2.0 1.0 3.0 4.0 2.0 1.0 3.0 6.0 3.0 3.0
p69 4.0 0.0 2.0 0.0 2.0 0.0 0.0 5.0 6.0 4.0 3.0 2.0 2.0 3.0 0.0 0.0 3.0 5.0 6.0 6.0 2.0 2.0 6.0 1.0 5.0 1.0 6.0 4.0 1.0 4.0 3.0 0.0 5.0 5.0 2.0 2.0 2.0 0.0 0.0 0.0 0.0 1.0 0.0 3.0 5.0 6.0 2.0 2.0
p70 2.0 0.0 5.0 0.0 6.0 3.0 4.0 4.0 5.0 5.0 0.0 2.0 5.0 0.0 2.0 0.0 6.0 3.0 2.0 3.0 1.0 0.0 6.0 5.0 4.0 6.0 1.0 3.0 1.0 1.0 0.0 2.0 4.0 3.0 4.0 6.0 5.0 5.0 2.0 0.0 1.0 0.0 2.0 1.0 0.0 2.0 2.0 4.0
p71 4.0 5.0 2.0 3.0 3.0 4.0 6.0 0.0 0.0 4.0 4.0 6.0 3.0 6.0 0.0 1.0 2.0 1.0 2.0 0.0 0.0 6.0 0.0 2.0 0.0 5.0 6.0 1.0 5.0 2.0 0.0 1.0 5.0 5.0 1.0 0.0 0.0 2.0 3.0 1.0 6.0 1.0 3.0 1.0 6.0 3.0 3.0 3.0
p72 5.0 4.0 2.0 6.0 2.0 6.0 3.0 5.0 6.0 2.0 0.0 3.0 5.0 5.0 0.0 5.0 1.0 5.0 3.0 5.0 2.0 4.0 6.0 1.0 3.0 4.0 5.0 0.0 2.0 4.0 2.0 2.0 1.0 5.0 2.0 3.0 6.0 5.0 6.0 0.0 1.0 0.0 5.0 1.0 3.0 5.0 0.0 3.0
p73 1.0 1.0 3.0 0.0 0.0 2.0 4.0 4.0 6.0 0.0 6.0 2.0 1.0 1.0 2.0 4.0 0.0 4.0 1.0 2.0 5.0 5.0 0.0 1.0 3.0 3.0 3.0 5.0 3.0 0.0 3.0 3.0 3.0 4.0 6.0 6.0 5.0 4.0 0.0 3.0 2.0 6.0 4.0 3.0 1.0 2.0 2.0 1.0
p74 2.0 1.0 0.0 6.0 2.0 3.0 4.0 1.0 5.0 2.0 5.0 5.0 3.0 2.0 5.0 0.0 0.0 4.0 5.0 0.0 6.0 4.0 5.0 3.0 4.0 3.0 6.0 2.0 6.0 3.0 1.0 3.0 0.0 1.0 3.0 2.0 5.0 6.0 5.0 0.0 0.0 6.0 2.0 2.0 5.0 1.0 1.0 4.0
p75 3.0 0.0 4.0 3.0 0.0 4.0 4.0 6.0 0.0 3.0 1.0 1.0 6.0 3.0 1.0 1.0 3.0 2.0 4.0 4.0 3.0 0.0 2.0 5.0 6.0 3.0 0.0 0.0 1.0 2.0 3.0 5.0 5.0 4.0 6.0 0.0 0.0 3.0 3.0 4.0 1.0 0.0 0.0 4.0 1.0 0.0 3.0 3.0
p76 1.0 4.0 4.0 6.0 1.0 5.0 5.0 5.0 5.0 6.0 3.0 0.0 6.0 5.0 1.0 6.0 4.0 3.0 2.0 6.0 5.0 2.0 3.0 6.0 4.0 5.0 4.0 4.0 6.0 3.0 1.0 4.0 3.0 4.0 0.0 3.0 0.0 3.0 1.0 4.0 6.0 2.0 3.0 6.0 5.0 6.0 2.0 3.0
p77 3.0 4.0 5.0 0.0 6.0 0.0 0.0 3.0 1.0 2.0 6.0 2.0 2.0 5.0 0.0 3.0 1.0 2.0 3.0 2.0 2.0 1.0 6.0 3.0 1.0 5.0 3.0 4.0 4.0 1.0 1.0 2.0 1.0 5.0 1.0 0.0 5.0 1.0 2.0 4.0 6.0 3.0 2.0 0.0 1.0 0.0 4.0 0.0
p78 3.0 2.0 3.0 0.0 5.0 6.0 1.0 3.0 3.0 1.0 4.0 2.0 5.0 1.0 1.0 2.0 5.0 1.0 2.0 2.0 0.0 2.0 1.0 0.0 0.0 0.0 2.0 1.0 2.0 4.0 1.0 6.0 3.0 1.0 1.0 1.0 6.0 4.0 1.0 6.0 0.0 1.0 2.0 5.0 1.0 0.0 5.0 1.0
p79 5.0 5.0 2.0 6.0 2.0 4.0 0.0 1.0 4.0 2.0 3.0 1.0 1.0 5.0 5.0 1.0 5.0 1.0 1.0 0.0 6.0 1.0 3.0 4.0 1.0 0.0 0.0 1.0 1.0 0.0 1.0 2.0 2.0 4.0 3.0 2.0 1.0 4.0 0.0 3.0 4.0 0.0 0.0 2.0 5.0 2.0 2.0 3.0
p80 0.0 0.0 5.0 3.0 1.0 0.0 4.0 0.0 4.0 0.0 3.0 2.0 1.0 4.0 6.0 0.0 0.0 4.0 0.0 3.0 3.0 2.0 1.0 0.0 2.0 1.0 5.0 3.0 3.0 2.0 0.0 0.0 2.0 3.0 3.0 3.0 1.0 2.0 6.0 1.0 3.0 2.0 3.0 4.0 1.0 0.0 2.0 3.0
p81 5.0 3.0 1.0 0.0 1.0 4.0 0.0 2.0 6.0 1.0 2.0 5.0 3.0 1.0 3.0 3.0 1.0 1.0 4.0 1.0 1.0 3.0 1.0 0.0 4.0 0.0 5.0 2.0 1.0 2.0 5.0 5.0 0.0 3.0 0.0 6.0 6.0 1.0 1.0 5.0 5.0 0.0 5.0 3.0 5.0 1.0 6.0 5.0
p82 5.0 5.0 1.0 2.0 3.0 0.0 6.0 4.0 6.0 1.0 3.0 4.0 0.0 1.0 3.0 6.0 1.0 6.0 3.0 6.0 5.0 5.0 3.0 6.0 0.0 5.0 4.0 6.0 4.0 0.0 0.0 0.0 0.0 0.0 3.0 4.0 2.0 6.0 0.0 0.0 3.0 3.0 0.0 1.0 3.0 1.0 6.0 3.0
p83 1.0 1.0 3.0 2.0 5.0 5.0 4.0 2.0 2.0 4.0 6.0 1.0 5.0 6.0 5.0 6.0 1.0 6.0 3.0 2.0 6.0 6.0 6.0 2.0 0.0 5.0 6.0 4.0 6.0 3.0 6.0 4.0 2.0 5.0 0.0 3.0 2.0 3.0 4.0 4.0 3.0 6.0 2.0 5.0 2.0 5.0 2.0 4.0
p84 2.0 4.0 4.0 5.0 0.0 4.0 1.0 4.0 6.0 3.0 2.0 0.0 0.0 3.0 4.0 2.0 4.0 3.0 4.0 2.0 6.0 6.0 2.0 6.0 2.0 4.0 6.0 3.0 5.0 5.0 4.0 5.0 3.0 4.0 4.0 4.0 0.0 2.0 1.0 2.0 1.0 5.0 5.0 2.0 0.0 0.0 5.0 6.0
p85 1.0 2.0 3.0 4.0 4.0 3.0 0.0 2.0 5.0 4.0 4.0 0.0 2.0 5.0 5.0 3.0 5.0 6.0 5.0 0.0 1.0 2.0 5.0 4.0 2.0 0.0 2.0 3.0 0.0 6.0 1.0 2.0 3.0 5.0 4.0 3.0 3.0 5.0 5.0 5.0 0.0 2.0 4.0 1.0 4.0 1.0 5.0 0.0
p86 0.0 5.0 4.0 0.0 2.0 5.0 2.0 5.0 5.0 0.0 2.0 5.0 0.0 6.0 3.0 3.0 4.0 1.0 1.0 4.0 1.0 6.0 4.0 0.0 2.0 5.0 6.0 1.0 4.0 2.0 2.0 0.0 2.0 5.0 5.0 1.0 6.0 5.0 0.0 0.0 4.0 4.0 1.0 6.0 2.0 3.0 4.0 1.0
p87 5.0 4.0 5.0 2.0 2.0 0.0 5.0 1.0 0.0 3.0 2.0 1.0 3.0 1.0 4.0 4.0 1.0 6.0 1.0 0.0 1.0 4.0 6.0 4.0 6.0 4.0 1.0 6.0 0.0 0.0 6.0 1.0 1.0 0.0 3.0 4.0 4.0 1.0 1.0 6.0 2.0 1.0 1.0 4.0 0.0 2.0 0.0 0.0
p88 3.0 3.0 0.0 6.0 1.0 1.0 6.0 5.0 0.0 0.0 1.0 1.0 0.0 1.0 2.0 2.0 0.0 3.0 2.0 4.0 0.0 0.0 3.0 0.0 5.0 2.0 0.0 1.0 2.0 0.0 0.0 1.0 4.0 4.0 6.0 5.0 2.0 0.0 2.0 2.0 4.0 3.0 1.0 2.0 5.0 4.0 1.0 2.0
p89 1.0 4.0 3.0 3.0 5.0 1.0 1.0 1.0 3.0 5.0 2.0 6.0 6.0 3.0 6.0 3.0 2.0 3.0 0.0 6.0 2.0 0.0 2.0 3.0 3.0 4.0 0.0 3.0 6.0 6.0 5.0 0.0 5.0 3.0 0.0 2.0 6.0 0.0 4.0 1.0 3.0 1.0 0.0 0.0 1.0 2.0 4.0 4.0
p90 2.0 6.0 2.0 1.0 2.0 3.0 4.0 4.0 1.0 0.0 1.0 0.0 1.0 2.0 1.0 6.0 5.0 3.0 3.0 4.0 4.0 4.0 5.0 3.0 4.0 2.0 1.0 4.0 3.0 2.0 1.0 3.0 5.0 0.0 6.0 0.0 4.0 6.0 3.0 0.0 3.0 0.0 1.0 4.0 6.0 5.0 3.0 6.0
p91 5.0 3.0 3.0 0.0 1.0 2.0 3.0 2.0 6.0 2.0 3.0 4.0 0.0 0.0 0.0 0.0 2.0 6.0 6.0 3.0 0.0 1.0 0.0 2.0 3.0 2.0 3.0 5.0 1.0 4.0 4.0 6.0 4.0 5.0 1.0 1.0 0.0 6.0 6.0 1.0 5.0 1.0 6.0 0.0 0.0 2.0 2.0 5.0
p92 0.0 3.0 5.0 6.0 3.0 0.0 3.0 5.0 2.0 2.0 5.0 3.0 1.0 0.0 2.0 2.0 0.0 3.0 1.0 1.0 0.0 5.0 3.0 4.0 2.0 4.0 5.0 0.0 0.0 1.0 2.0 0.0 6.0 1.0 4.0 4.0 1.0 4.0 2.0 0.0 4.0 3.0 1.0 4.0 6.0 4.0 5.0 3.0
p93 1.0 5.0 1.0 5.0 3.0 0.0 3.0 3.0 2.0 5.0 3.0 1.0 1.0 1.0 4.0 2.0 3.0 1.0 0.0 3.0 3.0 2.0 2.0 4.0 4.0 4.0 0.0 3.0 1.0 1.0 5.0 4.0 6.0 2.0 3.0 2.0 5.0 6.0 0.0 3.0 0.0 1.0 2.0 3.0 2.0 4.0 4.0 2.0
p94 5.0 4.0 4.0 4.0 1.0 1.0 6.0 6.0 4.0 3.0 3.0 5.0 5.0 2.0 5.0 4.0 2.0 3.0 2.0 4.0 6.0 2.0 1.0 1.0 3.0 4.0 6.0 3.0 1.0 4.0 1.0 3.0 3.0 4.0 5.0 3.0 2.0 2.0 6.0 3.0 4.0 4.0 2.0 1.0 4.0 1.0 2.0 0.0
p95 6.0 4.0 0.0 5.0 3.0 1.0 1.0 0.0 5.0 3.0 3.0 4.0 5.0 1.0 5.0 3.0 6.0 4.0 4.0 5.0 4.0 4.0 1.0 1.0 4.0 5.0 1.0 2.0 4.0 0.0 2.0 2.0 6.0 3.0 1.0 0.0 1.0 0.0 4.0 6.0 3.0 1.0 5.0 5.0 6.0 6.0 5.0 0.0
p96 0.0 0.0 0.0 0.0 2.0 6.0 5.0 2.0 1.0 4.0 2.0 0.0 1.0 4.0 1.0 1.0 1.0 4.0 3.0 2.0 4.0 6.0 5.0 2.0 0.0 1.0 1.0 1.0 4.0 3.0 0.0 6.0 0.0 5.0 0.0 1.0 4.0 6.0 3.0 0.0 1.0 6.0 4.0 2.0 3.0 6.0 2.0 3.0
p97 3.0 2.0 2.0 0.0 2.0 5.0 6.0 0.0 0.0 4.0 5.0 5.0 0.0 4.0 6.0 3.0 4.0 3.0 6.0 6.0 0.0 6.0 2.0 2.0 6.0 3.0 5.0 0.0 3.0 4.0 4.0 2.0 5.0 0.0 2.0 0.0 3.0 5.0 2.0 1.0 5.0 4.0 4.0 1.0 0.0 2.0 3.0 2.0
p98 6.0 5.0 4.0 5.0 0.0 3.0 3.0 6.0 2.0 1.0 3.0 1.0 2.0 6.0 3.0 3.0 0.0 1.0 4.0 3.0 6.0 4.0 4.0 1.0 1.0 1.0 6.0 1.0 3.0 1.0 2.0 3.0 2.0 4.0 0.0 1.0 1.0 2.0 3.0 0.0 1.0 0.0 3.0 1.0 4.0 3.0 1.0 6.0
p99 0.0 2.0 0.0 6.0 5.0 1.0 2.0 5.0 3.0 1.0 0.0 4.0 1.0 4.0 1.0 5.0 0.0 3.0 6.0 5.0 4.0 5.0 5.0 1.0 2.0 2.0 3.0 1.0 1.0 2.0 3.0 6.0 6.0 0.0 1.0 6.0 5.0 2.0 6.0 1.0 2.0 2.0 3.0 3.0 4.0 0.0 4.0 2.0
p100 1.0 4.0 0.0 4.0 5.0 1.0 5.0 3.0 4.0 1.0 5.0 1.0 4.0 2.0 1.0 5.0 1.0 6.0 0.0 3.0 3.0 6.0 2.0 0.0 2.0 0.0 2.0 3.0 3.0 2.0 2.0 2.0 1.0 6.0 3.0 6.0 0.0 0.0 4.0 0.0 1.0 3.0 4.0 4.0 6.0 5.0 0.0 5.0
p101 2.0 0.0 4.0 4.0 2.0 2.0 1.0 0.0 6.0 3.0 2.0 0.0 5.0 5.0 3.0 3.0 3.0 4.0 2.0 3.0 2.0 3.0 6.0 0.0 2.0 1.0 5.0 2.0 3.0 4.0 5.0 6.0 5.0 1.0 4.0 0.0 4.0 0.0 2.0 3.0 0.0 5.0 0.0 0.0 3.0 6.0 6.0 0.0
p102 5.0 2.0 5.0 1.0 3.0 3.0 4.0 3.0 1.0 2.0 6.0 0.0 1.0 1.0 2.0 3.0 3.0 0.0 1.0 0.0 1.0 5.0 4.0 6.0 1.0 3.0 1.0 4.0 5.0 6.0 3.0 0.0 5.0 2.0 0.0 3.0 5.0 1.0 0.0 1.0 0.0 2.0 1.0 5.0 5.0 3.0 5.0 0.0
p103 2.0 0.0 3.0 2.0 1.0 1.0 5.0 6.0 5.0 5.0 3.0 1.0 5.0 4.0 6.0 1.0 4.0 0.0 5.0 3.0 1.0 0.0 2.0 5.0 4.0 6.0 5.0 1.0 0.0 1.0 0.0 3.0 0.0 4.0 5.0 1.0 1.0 1.0 5.0 1.0 2.0 4.0 6.0 1.0 6.0 0.0 2.0 0.0
p104 6.0 2.0 5.0 6.0 2.0 4.0 0.0 2.0 0.0 2.0 3.0 1.0 6.0 0.0 3.0 3.0 1.0 6.0 0.0 3.0 1.0 1.0 0.0 6.0 4.0 4.0 1.0 3.0 4.0 0.0 3.0 1.0 6.0 2.0 5.0 2.0 0.0 3.0 3.0 5.0 6.0 4.0 2.0 2.0 1.0 5.0 6.0 0.0
p105 5.0 6.0 0.0 4.0 4.0 4.0 4.0 3.0 3.0 4.0 2.0 2.0 6.0 6.0 1.0 3.0 4.0 3.0 0.0 1.0 1.0 1.0 2.0 5.0 5.0 5.0 2.0 0.0 6.0 2.0 5.0 5.0 4.0 6.0 0.0 3.0 3.0 5.0 2.0 4.0 0.0 5.0 3.0 6.0 4.0 4.0 2.0 5.0
p106 1.0 4.0 0.0 4.0 0.0 0.0 3.0 4.0 6.0 0.0 1.0 2.0 3.0 1.0 4.0 5.0 6.0 1.0 5.0 4.0 5.0 1.0 5.0 0.0 0.0 6.0 1.0 2.0 5.0 0.0 2.0 4.0 2.0 0.0 3.0 4.0 5.0 5.0 0.0 3.0 6.0 5.0 1.0 6.0 4.0 0.0 2.0 0.0
p107 2.0 3.0 4.0 4.0 0.0 6.0 6.0 2.0 3.0 3.0 0.0 6.0 6.0 2.0 0.0 2.0 1.0 0.0 0.0 6.0 3.0 6.0 6.0 0.0 5.0 0.0 0.0 6.0 3.0 5.0 3.0 4.0 2.0 2.0 5.0 1.0 6.0 0.0 3.0 0.0 2.0 1.0 0.0 4.0 1.0 6.0 2.0 0.0
p108 4.0 3.0 1.0 1.0 4.0 5.0 3.0 3.0 2.0 3.0 0.0 2.0 1.0 4.0 0.0 5.0 1.0 5.0 5.0 2.0 2.0 3.0 4.0 2.0 4.0 5.0 3.0 3.0 0.0 4.0 3.0 6.0 6.0 6.0 3.0 6.0 1.0 3.0 3.0 2.0 6.0 6.0 2.0 2.0 6.0 4.0 1.0 3.0
p109 4.0 1.0 6.0 6.0 3.0 0.0 6.0 3.0 4.0 1.0 2.0 0.0 2.0 0.0 6.0 1.0 2.0 2.0 2.0 2.0 5.0 6.0 1.0 4.0 3.0 2.0 3.0 2.0 2.0 0.0 3.0 4.0 6.0 4.0 2.0 1.0 5.0 1.0 5.0 3.0 0.0 5.0 1.0 3.0 5.0 2.0 0.0 0.0
p110 1.0 6.0 4.0 1.0 5.0 2.0 1.0 0.0 5.0 6.0 2.0 4.0 5.0 4.0 2.0 3.0 3.0 1.0 1.0 6.0 6.0 4.0 3.0 0.0 6.0 1.0 6.0 6.0 3.0 0.0 0.0 5.0 0.0 3.0 6.0 2.0 4.0 2.0 0.0 4.0 1.0 4.0 3.0 0.0 1.0 4.0 0.0 6.0
p111 5.0 3.0 2.0 4.0 1.0 5.0 6.0 3.0 6.0 4.0 0.0 2.0 0.0 3.0 2.0 5.0 5.0 5.0 5.0 0.0 2.0 5.0 6.0 6.0 0.0 1.0 0.0 1.0 4.0 6.0 2.0 3.0 5.0 1.0 6.0 5.0 0.0 2.0 2.0 3.0 3.0 4.0 0.0 0.0 5.0 4.0 5.0 0.0
p112 6.0 0.0 0.0 3.0 1.0 1.0 0.0 3.0 2.0 0.0 6.0 6.0 2.0 0.0 1.0 4.0 2.0 3.0 3.0 6.0 3.0 2.0 4.0 0.0 3.0 3.0 3.0 1.0 6.0 5.0 4.0 4.0 4.0 1.0 0.0 4.0 4.0 5.0 5.0 1.0 4.0 1.0 6.0 2.0 0.0 4.0 3.0 0.0
p113 3.0 1.0 6.0 5.0 0.0 6.0 4.0 4.0 5.0 0.0 0.0 1.0 1.0 4.0 1.0 4.0 4.0 1.0 2.0 5.0 5.0 3.0 1.0 6.0 1.0 3.0 3.0 3.0 5.0 0.0 2.0 6.0 3.0 1.0 0.0 4.0 2.0 4.0 0.0 3.0 6.0 1.0 4.0 2.0 0.0 5.0 2.0 4.0
p114 6.0 3.0 5.0 2.0 6.0 5.0 2.0 5.0 6.0 3.0 0.0 1.0 0.0 0.0 3.0 4.0 5.0 2.0 1.0 6.0 6.0 3.0 1.0 0.0 1.0 0.0 2.0 6.0 1.0 5.0 6.0 5.0 0.0 1.0 5.0 1.0 6.0 6.0 0.0 0.0 3.0 0.0 3.0 4.0 4.0 4.0 0.0 0.0
p115 3.0 6.0 5.0 0.0 1.0 0.0 6.0 1.0 1.0 2.0 2.0 1.0 6.0 0.0 0.0 0.0 4.0 2.0 1.0 5.0 4.0 0.0 3.0 4.0 0.0 4.0 0.0 1.0 3.0 1.0 2.0 3.0 0.0 2.0 6.0 6.0 1.0 0.0 4.0 4.0 6.0 0.0 5.0 5.0 4.0 0.0 5.0 0.0
p116 5.0 0.0 1.0 2.0 6.0 0.0 3.0 1.0 3.0 2.0 0.0 6.0 1.0 2.0 3.0 2.0 5.0 3.0 0.0 0.0 4.0 0.0 5.0 0.0 4.0 4.0 3.0 3.0 2.0 5.0 1.0 6.0 3.0 5.0 0.0 5.0 2.0 0.0 4.0 5.0 4.0 0.0 3.0 6.0 3.0 0.0 4.0 1.0
p117 2.0 1.0 2.0 1.0 0.0 4.0 0.0 2.0 4.0 1.0 5.0 2.0 6.0 1.0 5.0 2.0 1.0 0.0 6.0 6.0 6.0 5.0 3.0 1.0 0.0 0.0 1.0 3.0 1.0 4.0 0.0 4.0 2.0 3.0 2.0 4.0 5.0 6.0 4.0 1.0 1.0 5.0 6.0 0.0 6.0 0.0 2.0 1.0
p118 1.0 6.0 1.0 2.0 1.0 3.0 4.0 0.0 3.0 6.0 3.0 0.0 2.0 3.0 0.0 6.0 2.0 6.0 4.0 6.0 3.0 1.0 2.0 1.0 6.0 5.0 5.0 5.0 0.0 4.0 1.0 3.0 2.0 1.0 6.0 2.0 6.0 0.0 2.0 5.0 3.0 0.0 0.0 1.0 3.0 5.0 1.0 6.0
p119 6.0 3.0 3.0 6.0 5.0 2.0 1.0 1.0 1.0 6.0 4.0 6.0 0.0 4.0 5.0 5.0 1.0 6.0 6.0 0.0 2.0 3.0 2.0 3.0 5.0 3.0 3.0 0.0 4.0 1.0 0.0 5.0 4.0 6.0 1.0 0.0 3.0 6.0 1.0 2.0 2.0 1.0 0.0 0.0 1.0 0.0 2.0 4.0
p120 2.0 0.0 0.0 4.0 4.0 1.0 4.0 1.0 3.0 3.0 4.0 5.0 0.0 2.0 6.0 0.0 6.0 3.0 0.0 5.0 0.0 5.0 3.0 5.0 0.0 6.0 2.0 5.0 2.0 4.0 3.0 3.0 5.0 3.0 0.0 2.0 0.0 2.0 0.0 6.0 3.0 3.0 0.0 4.0 6.0 5.0 3.0 3.0
p121 0.0 1.0 6.0 2.0 5.0 1.0 3.0 6.0 3.0 1.0 4.0 2.0 0.0 5.0 3.0 0.0 4.0 3.0 5.0 6.0 2.0 0.0 3.0 0.0 0.0 4.0 6.0 2.0 5.0 4.0 5.0 3.0 0.0 3.0 2.0 1.0 0.0 2.0 2.0 2.0 3.0 5.0 3.0 0.0 4.0 5.0 4.0 2.0
p122 1.0 3.0 6.0 2.0 6.0 3.0 2.0 6.0 2.0 0.0 0.0 6.0 2.0 3.0 1.0 0.0 1.0 0.0 6.0 2.0 3.0 6.0 5.0 0.0 2.0 0.0 5.0 6.0 1.0 1.0 3.0 5.0 2.0 4.0 2.0 3.0 0.0 5.0 1.0 1.0 1.0 0.0 1.0 2.0 2.0 2.0 1.0 4.0
p123 2.0 5.0 5.0 1.0 3.0 4.0 6.0 3.0 0.0 2.0 4.0 1.0 4.0 3.0 2.0 2.0 6.0 6.0 2.0 5.0 5.0 4.0 2.0 1.0 4.0 5.0 6.0 0.0 5.0 3.0 1.0 1.0 3.0 4.0 3.0 0.0 3.0 6.0 3.0 6.0 6.0 3.0 1.0 2.0 0.0 0.0 1.0 6.0
p124 6.0 4.0 2.0 3.0 0.0 3.0 4.0 3.0 0.0 5.0 3.0 1.0 0.0 6.0 1.0 4.0 2.0 1.0 3.0 3.0 1.0 4.0 3.0 3.0 2.0 1.0 5.0 0.0 2.0 3.0 1.0 2.0 3.0 0.0 1.0 5.0 4.0 4.0 3.0 6.0 3.0 2.0 0.0 0.0 3.0 5.0 0.0 0.0
p125 5.0 2.0 6.0 2.0 2.0 1.0 1.0 5.0 6.0 1.0 1.0 3.0 0.0 1.0 5.0 0.0 6.0 1.0 5.0 0.0 5.0 1.0 4.0 5.0 6.0 4.0 5.0 1.0 0.0 3.0 5.0 3.0 4.0 1.0 3.0 3.0 4.0 1.0 0.0 1.0 3.0 2.0 4.0 2.0 5.0 1.0 2.0 1.0
p126 6.0 6.0 0.0 1.0 2.0 6.0 6.0 1.0 0.0 6.0 0.0 0.0 6.0 4.0 2.0 0.0 2.0 2.0 2.0 4.0 3.0 2.0 1.0 1.0 5.0 5.0 1.0 3.0 6.0 0.0 4.0 5.0 0.0 2.0 2.0 0.0 2.0 5.0 3.0 3.0 5.0 3.0 6.0 6.0 5.0 2.0 3.0 0.0
p127 2.0 1.0 0.0 0.0 5.0 3.0 2.0 2.0 5.0 6.0 2.0 1.0 4.0 2.0 6.0 2.0 3.0 2.0 2.0 0.0 1.0 5.0 0.0 6.0 2.0 6.0 5.0 2.0 6.0 1.0 3.0 6.0 4.0 4.0 6.0 1.0 4.0 3.0 2.0 4.0 0.0 5.0 5.0 1.0 3.0 0.0 0.0 2.0
p128 3.0 4.0 4.0 1.0 1.0 2.0 1.0 6.0 6.0 5.0 0.0 3.0 1.0 5.0 5.0 2.0 0.0 1.0 2.0 0.0 3.0 6.0 6.0 2.0 0.0 6.0 2.0 2.0 0.0 4.0 3.0 0.0 0.0 4.0 0.0 2.0 1.0 0.0 1.0 2.0 2.0 4.0 1.0 6.0 2.0 2.0 2.0 1.0
p129 3.0 0.0 5.0 3.0 5.0 4.0 0.0 5.0 3.0 0.0 4.0 0.0 3.0 2.0 4.0 4.0 2.0 5.0 0.0 0.0 1.0 1.0 5.0 0.0 6.0 1.0 2.0 1.0 0.0 1.0 1.0 0.0 0.0 4.0 5.0 2.0 5.0 2.0 6.0 1.0 2.0 0.0 6.0 6.0 6.0 2.0 1.0 6.0
p130 6.0 5.0 4.0 4.0 3.0 2.0 2.0 1.0 0.0 1.0 5.0 1.0 5.0 3.0 5.0 4.0 5.0 6.0 2.0 0.0 6.0 0.0 3.0 3.0 2.0 4.0 0.0 1.0 0.0 1.0 0.0 5.0 5.0 1.0 4.0 3.0 5.0 0.0 5.0 3.0 2.0 4.0 0.0 5.0 3.0 0.0 2.0 0.0
p131 0.0 2.0 2.0 2.0 0.0 4.0 0.0 2.0 5.0 2.0 4.0 2.0 6.0 4.0 0.0 3.0 3.0 3.0 1.0 5.0 1.0 6.0 1.0 6.0 6.0 2.0 3.0 0.0 1.0 2.0 0.0 5.0 5.0 2.0 1.0 6.0 4.0 1.0 1.0 6.0 0.0 5.0 5.0 2.0 5.0 0.0 3.0 0.0
p132 2.0 1.0 4.0 6.0 5.0 0.0 3.0 2.0 5.0 4.0 0.0 0.0 2.0 1.0 1.0 0.0 0.0 3.0 6.0 1.0 1.0 2.0 0.0 4.0 5.0 2.0 0.0 3.0 1.0 0.0 5.0 5.0 2.0 0.0 3.0 4.0 3.0 1.0 3.0 3.0 2.0 4.0 2.0 1.0 6.0 1.0 0.0 3.0
p133 1.0 0.0 5.0 5.0 5.0 1.0 3.0 1.0 6.0 3.0 1.0 3.0 2.0 2.0 0.0 5.0 0.0 1.0 0.0 2.0 1.0 4.0 2.0 0.0 3.0 1.0 6.0 4.0 3.0 6.0 0.0 0.0 6.0 3.0 2.0 6.0 6.0 4.0 2.0 5.0 6.0 5.0 0.0 1.0 1.0 4.0 1.0 2.0
p134 6.0 6.0 3.0 5.0 0.0 6.0 6.0 5.0 4.0 1.0 0.0 4.0 5.0 6.0 2.0 4.0 0.0 6.0 3.0 3.0 2.0 1.0 2.0 4.0 0.0 6.0 1.0 6.0 0.0 1.0 0.0 3.0 0.0 3.0 1.0 6.0 1.0 1.0 6.0 1.0 4.0 1.0 0.0 2.0 1.0 5.0 6.0 4.0
p135 2.0 2.0 2.0 1.0 2.0 6.0 1.0 5.0 3.0 0.0 1.0 0.0 5.0 5.0 5.0 1.0 1.0 6.0 5.0 0.0 0.0 3.0 3.0 3.0 3.0 4.0 1.0 1.0 5.0 3.0 5.0 1.0 6.0 1.0 1.0 4.0 4.0 1.0 5.0 4.0 0.0 4.0 5.0 3.0 2.0 6.0 5.0 4.0
p136 3.0 5.0 5.0 2.0 5.0 0.0 6.0 5.0 0.0 2.0 1.0 5.0 3.0 3.0 2.0 0.0 0.0 1.0 1.0 6.0 5.0 1.0 0.0 5.0 1.0 6.0 0.0 4.0 5.0 1.0 5.0 5.0 6.0 5.0 0.0 5.0 1.0 4.0 1.0 2.0 1.0 1.0 1.0 3.0 3.0 5.0 1.0 3.0
p137 3.0 4.0 2.0 5.0 0.0 0.0 3.0 1.0 6.0 1.0 5.0 0.0 2.0 0.0 5.0 4.0 0.0 3.0 3.0 6.0 6.0 0.0 5.0 4.0 5.0 5.0 6.0 1.0 0.0 6.0 4.0 0.0 3.0 0.0 4.0 3.0 5.0 6.0 0.0 3.0 1.0 1.0 5.0 2.0 6.0 6.0 4.0 6.0
p138 6.0 1.0 6.0 4.0 4.0 1.0 0.0 3.0 3.0 3.0 0.0 5.0 0.0 6.0 6.0 2.0 3.0 2.0 1.0 3.0 5.0 4.0 6.0 1.0 0.0 1.0 3.0 0.0 0.0 5.0 2.0 6.0 5.0 1.0 2.0 2.0 2.0 3.0 3.0 1.0 6.0 1.0 6.0 6.0 5.0 3.0 3.0 3.0
p139 5.0 5.0 4.0 0.0 2.0 0.0 1.0 3.0 3.0 2.0 0.0 5.0 0.0 5.0 1.0 0.0 4.0 4.0 1.0 1.0 4.0 0.0 2.0 0.0 3.0 0.0 4.0 2.0 6.0 3.0 2.0 5.0 1.0 0.0 5.0 2.0 0.0 6.0 5.0 3.0 3.0 4.0 3.0 4.0 4.0 6.0 5.0 1.0
p140 5.0 3.0 2.0 5.0 3.0 2.0 0.0 4.0 3.0 5.0 3.0 2.0 4.0 0.0 3.0 4.0 5.0 2.0 3.0 5.0 1.0 1.0 5.0 0.0 1.0 1.0 1.0 0.0 6.0 1.0 1.0 6.0 5.0 3.0 0.0 3.0 2.0 6.0 6.0 1.0 4.0 5.0 1.0 0.0 4.0 2.0 3.0 5.0
p141 1.0 0.0 3.0 4.0 4.0 2.0 6.0 0.0 3.0 4.0 1.0 0.0 2.0 3.0 6.0 2.0 3.0 2.0 5.0 2.0 5.0 3.0 3.0 4.0 0.0 1.0 4.0 4.0 1.0 1.0 0.0 6.0 3.0 3.0 3.0 5.0 0.0 4.0 5.0 0.0 4.0 5.0 4.0 5.0 0.0 4.0 5.0 1.0
p142 0.0 2.0 3.0 2.0 4.0 2.0 3.0 5.0 1.0 5.0 0.0 4.0 2.0 1.0 4.0 0.0 0.0 5.0 1.0 2.0 3.0 6.0 3.0 4.0 5.0 0.0 5.0 6.0 3.0 4.0 0.0 0.0 0.0 2.0 0.0 0.0 1.0 3.0 5.0 3.0 3.0 1.0 4.0 0.0 2.0 0.0 0.0 3.0
p143 5.0 6.0 5.0 1.0 1.0 0.0 2.0 3.0 3.0 4.0 4.0 2.0 3.0 0.0 2.0 1.0 1.0 0.0 6.0 3.0 1.0 5.0 3.0 4.0 1.0 2.0 1.0 2.0 5.0 1.0 0.0 3.0 3.0 2.0 1.0 6.0 3.0 5.0 0.0 2.0 5.0 2.0 2.0 6.0 2.0 3.0 4.0 0.0
p144 0.0 1.0 0.0 6.0 3.0 6.0 3.0 0.0 0.0 1.0 0.0 1.0 5.0 3.0 1.0 0.0 1.0 0.0 4.0 2.0 5.0 0.0 3.0 1.0 1.0 2.0 3.0 6.0 1.0 4.0 0.0 0.0 4.0 6.0 0.0 5.0 0.0 2.0 1.0 4.0 1.0 5.0 4.0 2.0 6.0 3.0 1.0 2.0
p145 1.0 0.0 3.0 1.0 1.0 0.0 4.0 0.0 6.0 1.0 1.0 3.0 1.0 3.0 4.0 0.0 0.0 0.0 5.0 4.0 4.0 1.0 3.0 4.0 4.0 3.0 6.0 2.0 1.0 4.0 2.0 2.0 5.0 4.0 3.0 2.0 4.0 0.0 4.0 3.0 2.0 1.0 2.0 5.0 1.0 5.0 6.0 1.0
p146 4.0 3.0 0.0 3.0 1.0 2.0 2.0 2.0 5.0 6.0 3.0 6.0 4.0 2.0 0.0 0.0 0.0 3.0 6.0 3.0 2.0 0.0 5.0 5.0 2.0 2.0 4.0 4.0 1.0 1.0 2.0 2.0 5.0 5.0 1.0 3.0 4.0 4.0 2.0 0.0 3.0 6.0 2.0 4.0 2.0 4.0 4.0 5.0
p147 2.0 3.0 3.0 0.0 4.0 0.0 2.0 5.0 2.0 1.0 2.0 5.0 2.0 0.0 5.0 1.0 0.0 6.0 0.0 0.0 1.0 0.0 0.0 1.0 6.0 4.0 6.0 6.0 0.0 2.0 1.0 0.0 0.0 1.0 4.0 1.0 2.0 5.0 3.0 6.0 2.0 1.0 1.0 2.0 0.0 4.0 5.0 0.0
p148 0.0 1.0 2.0 6.0 3.0 6.0 6.0 0.0 4.0 4.0 2.0 0.0 4.0 3.0 0.0 1.0 5.0 4.0 0.0 0.0 6.0 1.0 0.0 3.0 6.0 0.0 0.0 1.0 5.0 1.0 2.0 3.0 6.0 2.0 4.0 5.0 5.0 3.0 0.0 0.0 0.0 6.0 3.0 2.0 0.0 3.0 2.0 6.0
p149 4.0 0.0 4.0 0.0 0.0 6.0 5.0 2.0 6.0 5.0 1.0 1.0 4.0 5.0 1.0 5.0 4.0 1.0 1.0 0.0 2.0 1.0 6.0 2.0 3.0 3.0 5.0 1.0 4.0 6.0 1.0 3.0 3.0 4.0 6.0 1.0 5.0 1.0 2.0 0.0 5.0 2.0 2.0 0.0 6.0 2.0 4.0 4.0
p150 0.0 5.0 1.0 3.0 0.0 4.0 1.0 3.0 0.0 2.0 5.0 5.0 2.0 1.0 5.0 2.0 3.0 2.0 0.0 3.0 0.0 6.0 1.0 1.0 0.0 4.0 6.0 0.0 6.0 4.0 5.0 0.0 1.0 6.0 0.0 1.0 0.0 5.0 2.0 4.0 4.0 3.0 3.0 0.0 0.0 3.0 3.0 6.0
p151 1.0 1.0 1.0 3.0 3.0 0.0 0.0 6.0 6.0 4.0 6.0 6.0 3.0 3.0 6.0 3.0 1.0 5.0 3.0 3.0 1.0 4.0 4.0 2.0 1.0 3.0 6.0 2.0 5.0 1.0 3.0 2.0 6.0 3.0 1.0 0.0 0.0 6.0 1.0 2.0 4.0 3.0 1.0 1.0 2.0 2.0 1.0 5.0
p152 4.0 4.0 5.0 3.0 6.0 1.0 6.0 0.0 3.0 6.0 5.0 0.0 1.0 2.0 2.0 4.0 6.0 1.0 4.0 5.0 6.0 1.0 5.0 4.0 3.0 1.0 3.0 1.0 0.0 0.0 4.0 6.0 3.0 4.0 1.0 2.0 1.0 1.0 2.0 6.0 6.0 5.0 1.0 3.0 4.0 4.0 0.0 6.0
p153 2.0 0.0 2.0 3.0 3.0 4.0 3.0 0.0 1.0 3.0 0.0 0.0 4.0 0.0 0.0 2.0 4.0 1.0 0.0 4.0 0.0 3.0 1.0 6.0 1.0 5.0 3.0 2.0 3.0 6.0 3.0 6.0 0.0 3.0 6.0 5.0 2.0 2.0 0.0 0.0 0.0 1.0 5.0 6.0 1.0 1.0 5.0 2.0
p154 6.0 1.0 6.0 0.0 6.0 6.0 2.0 3.0 5.0 3.0 2.0 1.0 4.0 3.0 0.0 2.0 0.0 3.0 4.0 1.0 2.0 4.0 0.0 4.0 0.0 0.0 3.0 6.0 6.0 1.0 6.0 0.0 3.0 1.0 4.0 3.0 1.0 6.0 2.0 2.0 2.0 3.0 2.0 0.0 6.0 4.0 6.0 5.0
p155 4.0 3.0 1.0 1.0 1.0 6.0 2.0 0.0 2.0 1.0 4.0 2.0 1.0 2.0 1.0 6.0 1.0 3.0 2.0 4.0 4.0 1.0 1.0 3.0 2.0 5.0 0.0 6.0 2.0 0.0 2.0 1.0 5.0 4.0 4.0 5.0 4.0 3.0 6.0 5.0 1.0 2.0 4.0 5.0 1.0 2.0 6.0 5.0
p156 0.0 3.0 5.0 3.0 6.0 4.0 6.0 0.0 3.0 3.0 1.0 5.0 1.0 4.0 1.0 2.0 3.0 2.0 2.0 0.0 3.0 5.0 4.0 6.0 5.0 4.0 3.0 0.0 0.0 0.0 3.0 4.0 0.0 0.0 3.0 0.0 0.0 4.0 6.0 6.0 6.0 0.0 1.0 1.0 6.0 2.0 3.0 2.0
p157 2.0 5.0 2.0 3.0 5.0 0.0 1.0 1.0 0.0 2.0 6.0 1.0 2.0 2.0 2.0 2.0 3.0 5.0 0.0 5.0 6.0 4.0 4.0 3.0 0.0 3.0 1.0 2.0 0.0 4.0 4.0 6.0 0.0 0.0 1.0 1.0 4.0 3.0 4.0 6.0 1.0 4.0 6.0 0.0 5.0 0.0 0.0 4.0
p158 0.0 6.0 6.0 3.0 5.0 1.0 6.0 3.0 6.0 3.0 4.0 5.0 4.0 1.0 1.0 6.0 0.0 0.0 5.0 6.0 3.0 1.0 1.0 1.0 2.0 3.0 0.0 2.0 2.0 2.0 1.0 1.0 0.0 3.0 5.0 0.0 4.0 5.0 0.0 5.0 6.0 1.0 2.0 3.0 3.0 6.0 1.0 1.0
p159 5.0 2.0 1.0 5.0 4.0 1.0 4.0 0.0 4.0 5.0 1.0 0.0 1.0 3.0 3.0 1.0 4.0 1.0 0.0 4.0 0.0 5.0 5.0 2.0 4.0 2.0 4.0 5.0 2.0 0.0 5.0 6.0 1.0 2.0 0.0 4.0 2.0 1.0 6.0 5.0 1.0 4.0 0.0 2.0 5.0 6.0 6.0 2.0
p160 6.0 5.0 3.0 5.0 0.0 0.0 2.0 4.0 1.0 1.0 0.0 4.0 5.0 4.0 5.0 1.0 2.0 4.0 3.0 2.0 6.0 0.0 2.0 1.0 1.0 3.0 5.0 1.0 2.0 3.0 2.0 1.0 0.0 5.0 6.0 0.0 2.0 3.0 3.0 0.0 5.0 2.0 4.0 3.0 5.0 1.0 4.0 2.0
p161 5.0 5.0 3.0 4.0 1.0 3.0 5.0 3.0 5.0 1.0 0.0 3.0 0.0 3.0 4.0 1.0 2.0 1.0 2.0 4.0 5.0 5.0 1.0 2.0 0.0 5.0 0.0 3.0 4.0 1.0 1.0 2.0 0.0 1.0 5.0 3.0 5.0 0.0 2.0 1.0 3.0 4.0 1.0 1.0 3.0 5.0 2.0 0.0
p162 2.0 5.0 5.0 0.0 2.0 2.0 2.0 4.0 0.0 0.0 4.0 0.0 0.0 6.0 1.0 0.0 4.0 3.0 5.0 0.0 4.0 1.0 2.0 1.0 4.0 4.0 0.0 2.0 3.0 4.0 6.0 6.0 4.0 2.0 2.0 5.0 4.0 4.0 2.0 0.0 3.0 1.0 4.0 2.0 3.0 0.0 1.0 0.0
p163 0.0 4.0 4.0 6.0 2.0 4.0 3.0 2.0 2.0 1.0 3.0 4.0 3.0 2.0 3.0 3.0 1.0 2.0 3.0 1.0 0.0 0.0 4.0 3.0 6.0 6.0 2.0 5.0 0.0 4.0 6.0 6.0 6.0 5.0 3.0 6.0 0.0 1.0 0.0 4.0 6.0 5.0 4.0 4.0 1.0 5.0 5.0 1.0
p164 1.0 6.0 3.0 5.0 4.0 3.0 0.0 6.0 6.0 2.0 6.0 6.0 0.0 4.0 2.0 0.0 0.0 0.0 4.0 2.0 0.0 6.0 1.0 3.0 4.0 0.0 3.0 0.0 5.0 2.0 0.0 4.0 1.0 6.0 5.0 2.0 2.0 3.0 0.0 3.0 6.0 0.0 4.0 4.0 6.0 6.0 0.0 1.0
p165 0.0 6.0 6.0 0.0 0.0 3.0 2.0 4.0 0.0 0.0 3.0 4.0 4.0 0.0 0.0 0.0 5.0 0.0 1.0 0.0 5.0 5.0 0.0 3.0 1.0 5.0 0.0 5.0 3.0 1.0 2.0 0.0 2.0 3.0 3.0 4.0 5.0 1.0 0.0 4.0 3.0 6.0 0.0 1.0 4.0 4.0 1.0 5.0
p166 1.0 6.0 1.0 5.0 2.0 0.0 3.0 5.0 4.0 2.0 3.0 4.0 5.0 2.0 0.0 6.0 5.0 2.0 0.0 1.0 3.0 5.0 3.0 0.0 4.0 0.0 2.0 4.0 6.0 5.0 2.0 0.0 4.0 3.0 4.0 0.0 1.0 0.0 5.0 0.0 1.0 3.0 6.0 4.0 2.0 5.0 4.0 1.0
p167 0.0 2.0 1.0 2.0 0.0 6.0 2.0 6.0 1.0 0.0 2.0 1.0 1.0 5.0 3.0 3.0 2.0 5.0 0.0 3.0 4.0 6.0 6.0 0.0 0.0 2.0 5.0 4.0 1.0 2.0 4.0 1.0 3.0 0.0 2.0 3.0 0.0 0.0 2.0 0.0 0.0 5.0 0.0 2.0 3.0 5.0 1.0 4.0
p168 4.0 2.0 3.0 3.0 4.0 2.0 0.0 0.0 4.0 3.0 4.0 5.0 1.0 1.0 5.0 5.0 0.0 2.0 1.0 6.0 0.0 2.0 1.0 6.0 5.0 5.0 2.0 6.0 3.0 4.0 3.0 6.0 0.0 2.0 2.0 3.0 0.0 1.0 2.0 5.0 1.0 6.0 6.0 5.0 1.0 2.0 2.0 0.0
p169 3.0 1.0 0.0 5.0 5.0 0.0 4.0 1.0 3.0 3.0 0.0 6.0 0.0 3.0 1.0 4.0 3.0 0.0 2.0 1.0 5.0 1.0 5.0 5.0 6.0 1.0 2.0 3.0 3.0 5.0 5.0 0.0 2.0 2.0 4.0 2.0 3.0 4.0 5.0 1.0 6.0 5.0 1.0 0.0 5.0 2.0 6.0 6.0
p170 0.0 3.0 1.0 4.0 0.0 1.0 2.0 2.0 5.0 1.0 1.0 0.0 1.0 0.0 3.0 6.0 2.0 6.0 5.0 5.0 0.0 2.0 1.0 6.0 4.0 1.0 3.0 1.0 3.0 6.0 4.0 5.0 0.0 2.0 1.0 4.0 5.0 1.0 6.0 0.0 4.0 3.0 2.0 2.0 2.0 5.0 0.0 3.0
p171 0.0 3.0 1.0 5.0 4.0 3.0 6.0 4.0 2.0 1.0 6.0 2.0 0.0 4.0 1.0 1.0 5.0 1.0 4.0 6.0 5.0 5.0 4.0 3.0 1.0 2.0 6.0 0.0 0.0 6.0 6.0 0.0 2.0 6.0 2.0 5.0 1.0 4.0 2.0 2.0 2.0 4.0 4.0 1.0 1.0 2.0 3.0 5.0
p172 6.0 5.0 0.0 2.0 3.0 6.0 1.0 1.0 0.0 0.0 6.0 3.0 0.0 4.0 4.0 0.0 4.0 2.0 2.0 2.0 2.0 5.0 6.0 4.0 3.0 6.0 2.0 3.0 3.0 0.0 6.0 5.0 6.0 3.0 1.0 0.0 3.0 1.0 4.0 4.0 1.0 2.0 0.0 0.0 0.0 2.0 5.0 0.0
p173 0.0 6.0 6.0 1.0 4.0 1.0 0.0 6.0 0.0 3.0 6.0 0.0 3.0 2.0 4.0 6.0 5.0 4.0 2.0 4.0 4.0 4.0 1.0 3.0 1.0 3.0 5.0 6.0 4.0 2.0 0.0 3.0 3.0 3.0 5.0 1.0 4.0 2.0 5.0 4.0 4.0 2.0 0.0 1.0 1.0 5.0 3.0 3.0
p174 3.0 1.0 1.0 3.0 6.0 4.0 0.0 0.0 4.0 0.0 5.0 4.0 4.0 4.0 1.0 5.0 0.0 5.0 1.0 3.0 5.0 4.0 2.0 2.0 1.0 1.0 0.0 3.0 3.0 2.0 6.0 4.0 2.0 1.0 5.0 1.0 6.0 5.0 3.0 0.0 6.0 0.0 6.0 0.0 4.0 1.0 1.0 6.0
p175 5.0 5.0 3.0 1.0 0.0 3.0 4.0 1.0 4.0 1.0 0.0 6.0 0.0 2.0 4.0 3.0 0.0 3.0 6.0 5.0 6.0 6.0 4.0 5.0 0.0 3.0 1.0 6.0 0.0 0.0 3.0 2.0 6.0 4.0 1.0 0.0 5.0 2.0 1.0 6.0 6.0 3.0 5.0 4.0 1.0 6.0 0.0 2.0
p176 4.0 1.0 1.0 0.0 3.0 4.0 2.0 6.0 1.0 4.0 1.0 4.0 3.0 6.0 1.0 5.0 6.0 2.0 1.0 1.0 1.0 5.0 3.0 0.0 4.0 5.0 1.0 0.0 4.0 4.0 0.0 5.0 0.0 3.0 6.0 1.0 4.0 3.0 5.0 4.0 4.0 1.0 3.0 5.0 3.0 3.0 4.0 1.0
p177 6.0 1.0 1.0 1.0 0.0 2.0 2.0 1.0 1.0 4.0 4.0 0.0 3.0 2.0 3.0 0.0 1.0 6.0 5.0 6.0 5.0 2.0 1.0 1.0 1.0 1.0 2.0 5.0 2.0 4.0 0.0 4.0 6.0 3.0 0.0 3.0 3.0 4.0 0.0 5.0 2.0 0.0 3.0 4.0 5.0 1.0 5.0 2.0
p178 0.0 1.0 3.0 6.0 0.0 6.0 3.0 6.0 1.0 6.0 1.0 1.0 2.0 4.0 6.0 2.0 4.0 6.0 2.0 5.0 2.0 2.0 0.0 2.0 0.0 2.0 6.0 0.0 0.0 3.0 0.0 0.0 5.0 5.0 3.0 2.0 0.0 5.0 0.0 0.0 0.0 3.0 0.0 3.0 5.0 3.0 2.0 3.0
p179 3.0 6.0 1.0 2.0 6.0 6.0 4.0 1.0 6.0 3.0 4.0 4.0 0.0 2.0 2.0 6.0 4.0 4.0 2.0 5.0 1.0 4.0 2.0 1.0 3.0 3.0 1.0 0.0 1.0 4.0 3.0 6.0 1.0 6.0 4.0 0.0 3.0 3.0 0.0 6.0 5.0 2.0 3.0 2.0 0.0 0.0 3.0 2.0
p180 4.0 6.0 0.0 5.0 3.0 2.0 1.0 3.0 3.0 5.0 3.0 4.0 6.0 5.0 5.0 0.0 6.0 1.0 6.0 4.0 0.0 0.0 3.0 0.0 3.0 2.0 0.0 6.0 3.0 5.0 6.0 6.0 4.0 4.0 5.0 4.0 5.0 1.0 1.0 4.0 4.0 4.0 3.0 1.0 4.0 1.0 4.0 0.0
p181 6.0 0.0 5.0 5.0 5.0 2.0 0.0 4.0 0.0 2.0 5.0 6.0 3.0 3.0 4.0 6.0 6.0 1.0 2.0 1.0 3.0 5.0 1.0 0.0 5.0 4.0 2.0 3.0 4.0 0.0 5.0 0.0 3.0 6.0 0.0 2.0 3.0 1.0 2.0 4.0 6.0 4.0 0.0 1.0 2.0 6.0 0.0 0.0
p182 1.0 1.0 1.0 1.0 6.0 1.0 4.0 3.0 4.0 2.0 5.0 6.0 1.0 4.0 4.0 5.0 0.0 0.0 0.0 1.0 2.0 6.0 3.0 1.0 5.0 3.0 2.0 3.0 1.0 0.0 3.0 4.0 6.0 0.0 0.0 2.0 4.0 1.0 2.0 6.0 1.0 1.0 4.0 1.0 5.0 4.0 6.0 3.0
p183 2.0 3.0 0.0 4.0 2.0 0.0 3.0 1.0 5.0 1.0 2.0 5.0 4.0 0.0 4.0 6.0 4.0 5.0 1.0 6.0 0.0 6.0 6.0 6.0 2.0 5.0 0.0 1.0 6.0 4.0 6.0 5.0 0.0 5.0 2.0 0.0 2.0 4.0 4.0 6.0 1.0 2.0 1.0 6.0 3.0 3.0 5.0 0.0
p184 4.0 5.0 2.0 4.0 6.0 5.0 1.0 6.0 5.0 3.0 2.0 0.0 4.0 3.0 1.0 4.0 4.0 3.0 4.0 4.0 3.0 4.0 5.0 0.0 4.0 0.0 5.0 0.0 4.0 3.0 3.0 4.0 4.0 0.0 0.0 3.0 3.0 0.0 6.0 6.0 0.0 1.0 2.0 2.0 2.0 5.0 0.0 6.0
p185 5.0 1.0 2.0 3.0 3.0 3.0 4.0 0.0 1.0 5.0 1.0 1.0 1.0 6.0 1.0 1.0 4.0 6.0 0.0 5.0 6.0 3.0 6.0 6.0 6.0 5.0 0.0 0.0 2.0 5.0 2.0 1.0 0.0 4.0 4.0 3.0 3.0 1.0 4.0 3.0 5.0 0.0 4.0 2.0 6.0 0.0 3.0 2.0
p186 6.0 0.0 4.0 0.0 1.0 0.0 6.0 1.0 3.0 5.0 1.0 2.0 0.0 4.0 0.0 1.0 3.0 6.0 3.0 0.0 3.0 6.0 2.0 6.0 5.0 0.0 1.0 5.0 1.0 4.0 6.0 0.0 6.0 4.0 1.0 5.0 0.0 0.0 1.0 6.0 1.0 3.0 6.0 1.0 0.0 5.0 3.0 1.0
p187 4.0 5.0 4.0 6.0 2.0 1.0 5.0 3.0 5.0 3.0 5.0 5.0 0.0 3.0 1.0 3.0 4.0 1.0 6.0 4.0 6.0 1.0 6.0 2.0 1.0 2.0 4.0 2.0 3.0 4.0 4.0 3.0 0.0 3.0 4.0 0.0 0.0 3.0 0.0 1.0 0.0 3.0 2.0 2.0 3.0 2.0 0.0 4.0
p188 1.0 5.0 1.0 1.0 2.0 3.0 0.0 6.0 6.0 5.0 1.0 4.0 5.0 4.0 1.0 5.0 0.0 0.0 2.0 3.0 5.0 2.0 1.0 5.0 3.0 5.0 0.0 0.0 3.0 2.0 2.0 2.0 3.0 4.0 6.0 2.0 3.0 5.0 1.0 0.0 2.0 2.0 0.0 2.0 5.0 5.0 4.0 4.0
p189 4.0 0.0 3.0 6.0 2.0 0.0 0.0 6.0 2.0 4.0 1.0 6.0 5.0 2.0 5.0 1.0 2.0 5.0 1.0 6.0 0.0 1.0 1.0 1.0 3.0 2.0 6.0 5.0 1.0 1.0 0.0 1.0 1.0 4.0 2.0 4.0 5.0 3.0 0.0 0.0 3.0 0.0 3.0 3.0 1.0 3.0 6.0 3.0
p190 4.0 4.0 0.0 4.0 4.0 4.0 0.0 1.0 6.0 0.0 0.0 6.0 1.0 5.0 1.0 2.0 0.0 6.0 0.0 2.0 0.0 2.0 6.0 5.0 5.0 2.0 6.0 3.0 1.0 3.0 4.0 1.0 5.0 2.0 6.0 5.0 3.0 6.0 2.0 0.0 1.0 1.0 1.0 0.0 2.0 5.0 0.0 0.0
p191 5.0 0.0 0.0 5.0 5.0 4.0 3.0 0.0 1.0 6.0 5.0 6.0 5.0 4.0 0.0 6.0 2.0 2.0 4.0 1.0 1.0 3.0 5.0 4.0 0.0 0.0 3.0 3.0 3.0 1.0 4.0 0.0 4.0 2.0 3.0 1.0 1.0 1.0 6.0 5.0 1.0 6.0 1.0 3.0 3.0 2.0 3.0 5.0
p192 6.0 1.0 3.0 1.0 3.0 3.0 2.0 1.0 6.0 4.0 2.0 5.0 4.0 5.0 4.0 4.0 0.0 4.0 3.0 5.0 5.0 3.0 2.0 1.0 4.0 6.0 5.0 5.0 0.0 6.0 6.0 0.0 6.0 1.0 1.0 0.0 2.0 2.0 5.0 0.0 6.0 1.0 1.0 2.0 2.0 2.0 6.0 4.0
p193 5.0 3.0 2.0 1.0 1.0 0.0 0.0 5.0 0.0 5.0 5.0 1.0 1.0 6.0 0.0 1.0 6.0 3.0 3.0 4.0 3.0 3.0 5.0 0.0 0.0 6.0 0.0 1.0 3.0 0.0 3.0 0.0 1.0 3.0 6.0 0.0 5.0 2.0 0.0 1.0 4.0 1.0 0.0 0.0 1.0 0.0 5.0 6.0
p194 2.0 4.0 0.0 4.0 1.0 6.0 4.0 1.0 0.0 0.0 1.0 4.0 0.0 5.0 1.0 6.0 5.0 2.0 5.0 5.0 2.0 0.0 5.0 3.0 1.0 4.0 5.0 3.0 4.0 4.0 1.0 1.0 0.0 5.0 5.0 1.0 6.0 2.0 2.0 4.0 5.0 2.0 4.0 0.0 1.0 5.0 2.0 4.0
p195 1.0 4.0 3.0 0.0 6.0 0.0 6.0 3.0 2.0 3.0 2.0 4.0 1.0 0.0 3.0 2.0 2.0 5.0 6.0 4.0 3.0 2.0 0.0 6.0 4.0 6.0 2.0 2.0 2.0 1.0 2.0 0.0 5.0 2.0 4.0 3.0 2.0 1.0 0.0 4.0 1.0 4.0 2.0 3.0 4.0 1.0 3.0 4.0
p196 5.0 1.0 1.0 1.0 5.0 6.0 0.0 6.0 2.0 0.0 5.0 5.0 2.0 2.0 2.0 0.0 3.0 5.0 0.0 1.0 0.0 5.0 2.0 4.0 6.0 0.0 5.0 6.0 5.0 5.0 1.0 3.0 3.0 4.0 3.0 5.0 4.0 6.0 1.0 5.0 6.0 0.0 2.0 4.0 5.0 1.0 4.0 1.0
p197 3.0 2.0 4.0 3.0 1.0 1.0 5.0 3.0 4.0 1.0 2.0 2.0 5.0 3.0 5.0 3.0 3.0 5.0 6.0 1.0 2.0 1.0 6.0 2.0 1.0 1.0 1.0 0.0 3.0 0.0 3.0 0.0 4.0 6.0 1.0 2.0 3.0 0.0 5.0 3.0 2.0 1.0 4.0 2.0 3.0 5.0 4.0 2.0
p198 1.0 2.0 1.0 3.0 6.0 6.0 2.0 0.0 0.0 2.0 1.0 3.0 1.0 1.0 2.0 2.0 4.0 2.0 1.0 2.0 3.0 0.0 3.0 5.0 4.0 3.0 6.0 5.0 6.0 3.0 3.0 5.0 4.0 5.0 3.0 6.0 1.0 2.0 4.0 0.0 1.0 4.0 2.0 1.0 5.0 6.0 5.0 3.0
p199 4.0 4.0 0.0 2.0 6.0 1.0 6.0 0.0 0.0 0.0 3.0 3.0 0.0 3.0 0.0 3.0 4.0 6.0 2.0 0.0 4.0 4.0 6.0 4.0 0.0 0.0 0.0 2.0 4.0 4.0 1.0 6.0 3.0 6.0 1.0 5.0 5.0 6.0 1.0 1.0 2.0 3.0 4.0 3.0 3.0 6.0 4.0 0.0
p200 1.0 6.0 2.0 4.0 1.0 5.0 6.0 2.0 4.0 1.0 4.0 1.0 6.0 1.0 0.0 5.0 1.0 0.0 4.0 2.0 4.0 6.0 0.0 3.0 3.0 3.0 5.0 0.0 1.0 5.0 5.0 4.0 1.0 1.0 1.0 2.0 0.0 6.0 4.0 6.0 1.0 3.0 3.0 3.0 6.0 2.0 6.0 4.0
p201 1.0 1.0 2.0 4.0 1.0 2.0 0.0 0.0 6.0 5.0 2.0 6.0 6.0 4.0 4.0 1.0 4.0 1.0 1.0 1.0 2.0 4.0 6.0 6.0 3.0 3.0 0.0 1.0 4.0 3.0 5.0 5.0 5.0 2.0 3.0 1.0 1.0 3.0 4.0 3.0 2.0 3.0 2.0 4.0 3.0 5.0 0.0 1.0
p202 0.0 2.0 6.0 4.0 0.0 5.0 1.0 0.0 2.0 1.0 2.0 4.0 2.0 2.0 1.0 4.0 3.0 4.0 0.0 0.0 0.0 0.0 3.0 3.0 6.0 3.0 3.0 5.0 2.0 2.0 2.0 2.0 0.0 5.0 4.0 6.0 3.0 2.0 6.0 0.0 5.0 1.0 4.0 0.0 2.0 1.0 6.0 1.0
p203 3.0 3.0 2.0 5.0 3.0 2.0 5.0 5.0 0.0 0.0 2.0 6.0 6.0 4.0 4.0 4.0 4.0 4.0 6.0 1.0 0.0 2.0 1.0 3.0 2.0 5.0 2.0 6.0 0.0 2.0 5.0 0.0 2.0 0.0 2.0 2.0 4.0 3.0 0.0 2.0 0.0 3.0 0.0 1.0 4.0 4.0 5.0 0.0
p204 2.0 4.0 0.0 3.0 3.0 4.0 3.0 0.0 0.0 0.0 1.0 6.0 3.0 4.0 4.0 0.0 3.0 6.0 5.0 5.0 6.0 0.0 2.0 5.0 1.0 0.0 2.0 4.0 4.0 1.0 5.0 4.0 3.0 0.0 3.0 6.0 5.0 0.0 1.0 4.0 1.0 5.0 4.0 3.0 2.0 1.0 2.0 4.0
p205 2.0 1.0 1.0 5.0 3.0 5.0 1.0 0.0 4.0 4.0 0.0 2.0 0.0 3.0 4.0 5.0 0.0 6.0 4.0 6.0 4.0 6.0 1.0 0.0 1.0 5.0 3.0 1.0 4.0 6.0 1.0 0.0 2.0 6.0 1.0 5.0 6.0 2.0 4.0 0.0 5.0 4.0 6.0 0.0 2.0 2.0 1.0 2.0
p206 3.0 6.0 3.0 3.0 0.0 4.0 1.0 3.0 4.0 1.0 1.0 2.0 1.0 4.0 0.0 3.0 0.0 0.0 1.0 2.0 5.0 0.0 4.0 2.0 3.0 6.0 6.0 1.0 1.0 0.0 4.0 3.0 3.0 3.0 5.0 4.0 4.0 0.0 0.0 5.0 1.0 0.0 3.0 0.0 2.0 0.0 4.0 1.0
p207 2.0 4.0 3.0 0.0 2.0 1.0 2.0 1.0 6.0 0.0 1.0 0.0 6.0 1.0 2.0 0.0 1.0 1.0 2.0 2.0 3.0 5.0 3.0 6.0 6.0 3.0 4.0 1.0 1.0 1.0 6.0 1.0 2.0 4.0 6.0 2.0 4.0 4.0 0.0 0.0 1.0 0.0 3.0 4.0 1.0 5.0 2.0 4.0
p208 1.0 3.0 3.0 1.0 1.0 3.0 6.0 5.0 5.0 6.0 4.0 2.0 4.0 2.0 4.0 2.0 4.0 4.0 4.0 2.0 1.0 3.0 3.0 5.0 6.0 1.0 4.0 2.0 4.0 5.0 4.0 5.0 2.0 1.0 5.0 5.0 6.0 0.0 1.0 3.0 3.0 6.0 4.0 5.0 1.0 3.0 5.0 2.0
p209 3.0 3.0 2.0 6.0 4.0 2.0 4.0 2.0 3.0 3.0 6.0 4.0 2.0 4.0 1.0 0.0 0.0 2.0 6.0 6.0 4.0 1.0 5.0 1.0 2.0 4.0 5.0 4.0 5.0 4.0 1.0 0.0 6.0 4.0 6.0 2.0 6.0 6.0 0.0 3.0 4.0 2.0 5.0 3.0 6.0 3.0 3.0 6.0
p210 0.0 1.0 6.0 0.0 0.0 6.0 5.0 1.0 4.0 3.0 0.0 3.0 6.0 0.0 6.0 1.0 4.0 6.0 3.0 0.0 3.0 0.0 3.0 1.0 6.0 0.0 3.0 3.0 5.0 4.0 2.0 3.0 5.0 5.0 3.0 1.0 5.0 1.0 1.0 0.0 4.0 3.0 0.0 0.0 5.0 0.0 3.0 4.0
p211 4.0 0.0 5.0 0.0 3.0 2.0 4.0 5.0 0.0 0.0 3.0 6.0 3.0 3.0 0.0 0.0 0.0 6.0 6.0 0.0 2.0 5.0 3.0 0.0 2.0 1.0 6.0 4.0 4.0 2.0 5.0 4.0 0.0 2.0 5.0 6.0 2.0 0.0 5.0 3.0 5.0 2.0 4.0 5.0 4.0 5.0 2.0 1.0
p212 6.0 3.0 3.0 4.0 2.0 1.0 0.0 4.0 2.0 6.0 4.0 2.0 1.0 1.0 3.0 5.0 1.0 2.0 3.0 6.0 1.0 2.0 2.0 4.0 0.0 6.0 3.0 1.0 3.0 3.0 4.0 0.0 5.0 3.0 1.0 0.0 4.0 5.0 6.0 2.0 2.0 6.0 1.0 3.0 6.0 1.0 5.0 3.0
p213 4.0 0.0 1.0 4.0 3.0 5.0 2.0 3.0 0.0 0.0 5.0 4.0 3.0 4.0 5.0 5.0 3.0 1.0 0.0 6.0 1.0 3.0 3.0 1.0 6.0 0.0 5.0 0.0 4.0 1.0 5.0 0.0 6.0 1.0 2.0 1.0 3.0 6.0 2.0 5.0 1.0 5.0 5.0 0.0 6.0 6.0 6.0 1.0
p214 4.0 2.0 1.0 2.0 0.0 4.0 0.0 1.0 3.0 6.0 4.0 6.0 5.0 6.0 2.0 6.0 0.0 1.0 0.0 1.0 1.0 2.0 0.0 6.0 5.0 5.0 3.0 4.0 1.0 4.0 0.0 5.0 3.0 0.0 3.0 4.0 5.0 2.0 2.0 3.0 3.0 1.0 3.0 4.0 0.0 1.0 0.0 2.0
p215 3.0 6.0 4.0 2.0 6.0 6.0 4.0 3.0 2.0 4.0 3.0 0.0 2.0 0.0 6.0 3.0 3.0 3.0 1.0 3.0 0.0 0.0 2.0 4.0 2.0 0.0 4.0 0.0 0.0 2.0 4.0 1.0 0.0 2.0 5.0 3.0 5.0 4.0 0.0 2.0 5.0 0.0 4.0 5.0 6.0 5.0 2.0 6.0
p216 4.0 5.0 6.0 4.0 3.0 3.0 2.0 3.0 3.0 3.0 1.0 2.0 6.0 2.0 0.0 4.0 3.0 3.0 5.0 4.0 0.0 4.0 6.0 4.0 3.0 0.0 3.0 2.0 1.0 5.0 6.0 2.0 0.0 3.0 3.0 1.0 3.0 3.0 1.0 0.0 4.0 0.0 0.0 5.0 6.0 3.0 4.0 0.0
p217 3.0 4.0 3.0 6.0 6.0 6.0 6.0 0.0 0.0 4.0 4.0 2.0 4.0 0.0 1.0 4.0 6.0 2.0 5.0 6.0 4.0 2.0 5.0 0.0 1.0 3.0 6.0 1.0 1.0 6.0 5.0 6.0 6.0 0.0 6.0 3.0 3.0 1.0 3.0 0.0 5.0 4.0 5.0 2.0 4.0 1.0 1.0 6.0
p218 2.0 3.0 5.0 0.0 2.0 5.0 1.0 2.0 3.0 3.0 1.0 0.0 1.0 1.0 5.0 6.0 3.0 0.0 1.0 5.0 0.0 2.0 1.0 6.0 2.0 4.0 2.0 1.0 4.0 2.0 1.0 1.0 0.0 5.0 0.0 3.0 1.0 0.0 4.0 3.0 6.0 1.0 1.0 1.0 2.0 1.0 1.0 3.0
p219 3.0 0.0 0.0 4.0 2.0 0.0 6.0 6.0 6.0 4.0 6.0 6.0 4.0 1.0 5.0 0.0 1.0 5.0 2.0 3.0 2.0 6.0 2.0 6.0 4.0 4.0 1.0 3.0 4.0 6.0 0.0 4.0 0.0 0.0 0.0 0.0 0.0 6.0 3.0 6.0 6.0 4.0 3.0 4.0 0.0 0.0 3.0 3.0
p220 0.0 2.0 6.0 5.0 3.0 4.0 2.0 0.0 0.0 0.0 6.0 2.0 5.0 0.0 0.0 4.0 5.0 3.0 2.0 5.0 1.0 6.0 5.0 1.0 0.0 4.0 1.0 4.0 0.0 2.0 2.0 6.0 0.0 6.0 5.0 2.0 4.0 5.0 3.0 6.0 6.0 6.0 5.0 0.0 3.0 0.0 0.0 2.0
p221 3.0 0.0 2.0 1.0 1.0 2.0 2.0 5.0 5.0 6.0 5.0 3.0 3.0 5.0 0.0 6.0 1.0 6.0 0.0 1.0 3.0 1.0 4.0 4.0 5.0 0.0 4.0 0.0 1.0 6.0 0.0 1.0 2.0 3.0 2.0 3.0 6.0 3.0 1.0 6.0 1.0 4.0 6.0 5.0 2.0 6.0 4.0 2.0
p222 5.0 1.0 1.0 3.0 1.0 0.0 3.0 2.0 3.0 6.0 0.0 5.0 4.0 2.0 5.0 2.0 2.0 6.0 1.0 6.0 3.0 1.0 1.0 1.0 2.0 6.0 4.0 4.0 2.0 4.0 6.0 2.0 4.0 4.0 0.0 2.0 5.0 0.0 3.0 2.0 3.0 3.0 5.0 3.0 6.0 1.0 6.0 2.0
p223 0.0 1.0 3.0 2.0 2.0 4.0 3.0 4.0 6.0 0.0 4.0 6.0 5.0 4.0 1.0 3.0 3.0 6.0 6.0 6.0 5.0 0.0 5.0 4.0 3.0 0.0 6.0 2.0 1.0 1.0 1.0 2.0 0.0 1.0 0.0 1.0 3.0 4.0 5.0 6.0 2.0 1.0 5.0 0.0 1.0 5.0 5.0 5.0
p224 4.0 4.0 6.0 1.0 3.0 2.0 5.0 6.0 1.0 5.0 2.0 5.0 4.0 0.0 0.0 0.0 6.0 3.0 2.0 2.0 5.0 0.0 1.0 2.0 5.0 1.0 1.0 4.0 1.0 5.0 1.0 2.0 4.0 3.0 4.0 3.0 1.0 4.0 6.0 4.0 1.0 4.0 0.0 2.0 1.0 0.0 5.0 5.0
p225 6.0 6.0 4.0 0.0 6.0 1.0 3.0 1.0 6.0 0.0 0.0 4.0 0.0 6.0 0.0 6.0 3.0 2.0 6.0 4.0 2.0 1.0 0.0 4.0 3.0 6.0 0.0 6.0 0.0 1.0 3.0 0.0 1.0 1.0 3.0 2.0 1.0 4.0 2.0 2.0 4.0 6.0 3.0 4.0 5.0 0.0 1.0 2.0
p226 3.0 5.0 4.0 2.0 6.0 3.0 3.0 1.0 3.0 4.0 3.0 5.0 2.0 1.0 2.0 2.0 5.0 5.0 5.0 1.0 2.0 2.0 1.0 4.0 4.0 3.0 3.0 6.0 1.0 3.0 3.0 0.0 5.0 3.0 3.0 0.0 0.0 0.0 1.0 2.0 1.0 5.0 4.0 5.0 0.0 0.0 2.0 0.0
p227 1.0 5.0 2.0 1.0 3.0 0.0 2.0 4.0 2.0 0.0 2.0 2.0 5.0 2.0 3.0 5.0 4.0 2.0 4.0 5.0 4.0 5.0 6.0 0.0 3.0 0.0 6.0 4.0 5.0 0.0 0.0 1.0 2.0 6.0 1.0 2.0 2.0 6.0 3.0 2.0 2.0 2.0 4.0 6.0 4.0 2.0 0.0 3.0
p228 5.0 2.0 6.0 6.0 4.0 0.0 1.0 2.0 2.0 5.0 5.0 1.0 6.0 5.0 4.0 6.0 2.0 0.0 2.0 0.0 3.0 3.0 6.0 0.0 3.0 6.0 1.0 2.0 4.0 5.0 1.0 2.0 1.0 0.0 3.0 6.0 4.0 1.0 3.0 4.0 2.0 2.0 2.0 0.0 2.0 2.0 6.0 3.0
p229 0.0 0.0 0.0 6.0 3.0 3.0 6.0 0.0 5.0 3.0 2.0 5.0 0.0 5.0 0.0 0.0 4.0 0.0 2.0 3.0 1.0 6.0 3.0 3.0 5.0 4.0 5.0 4.0 3.0 2.0 4.0 4.0 0.0 1.0 2.0 6.0 5.0 5.0 4.0 5.0 5.0 1.0 3.0 3.0 1.0 6.0 3.0 1.0
p230 0.0 3.0 6.0 2.0 1.0 0.0 0.0 2.0 4.0 2.0 2.0 0.0 4.0 0.0 3.0 1.0 3.0 6.0 3.0 0.0 6.0 0.0 5.0 0.0 4.0 0.0 3.0 2.0 3.0 0.0 1.0 4.0 2.0 1.0 2.0 2.0 3.0 0.0 4.0 2.0 2.0 0.0 2.0 3.0 6.0 1.0 3.0 5.0
p231 0.0 1.0 3.0 1.0 4.0 5.0 1.0 0.0 2.0 5.0 0.0 4.0 6.0 1.0 6.0 2.0 4.0 0.0 4.0 1.0 2.0 2.0 5.0 1.0 3.0 3.0 6.0 2.0 1.0 4.0 0.0 6.0 4.0 0.0 2.0 5.0 1.0 0.0 1.0 1.0 5.0 4.0 2.0 6.0 2.0 3.0 3.0 1.0
p232 2.0 0.0 0.0 1.0 3.0 5.0 2.0 3.0 0.0 0.0 3.0 0.0 0.0 0.0 0.0 0.0 3.0 4.0 1.0 5.0 5.0 4.0 2.0 4.0 1.0 4.0 3.0 0.0 0.0 0.0 2.0 2.0 3.0 3.0 1.0 2.0 1.0 1.0 2.0 0.0 1.0 1.0 1.0 6.0 3.0 3.0 4.0 1.0
p233 1.0 1.0 0.0 0.0 2.0 4.0 4.0 1.0 1.0 1.0 1.0 5.0 2.0 2.0 4.0 0.0 0.0 4.0 1.0 0.0 0.0 2.0 4.0 2.0 2.0 6.0 6.0 6.0 5.0 0.0 1.0 6.0 2.0 3.0 6.0 1.0 1.0 1.0 6.0 2.0 0.0 0.0 1.0 0.0 1.0 0.0 5.0 3.0
p234 3.0 0.0 0.0 4.0 4.0 0.0 2.0 2.0 3.0 6.0 0.0 5.0 2.0 1.0 6.0 4.0 0.0 2.0 2.0 5.0 0.0 5.0 4.0 4.0 0.0 3.0 3.0 6.0 3.0 0.0 1.0 2.0 5.0 0.0 3.0 6.0 0.0 0.0 3.0 5.0 5.0 6.0 5.0 3.0 5.0 2.0 6.0 1.0
p235 1.0 2.0 1.0 1.0 4.0 1.0 4.0 3.0 2.0 3.0 6.0 6.0 4.0 1.0 1.0 3.0 3.0 3.0 0.0 0.0 6.0 6.0 6.0 4.0 3.0 0.0 5.0 0.0 6.0 5.0 2.0 3.0 5.0 5.0 4.0 3.0 0.0 2.0 0.0 4.0 4.0 0.0 1.0 3.0 6.0 5.0 4.0 1.0
p236 2.0 2.0 0.0 2.0 2.0 1.0 0.0 0.0 4.0 3.0 3.0 1.0 5.0 0.0 1.0 3.0 5.0 0.0 4.0 2.0 0.0 2.0 5.0 5.0 6.0 0.0 1.0 0.0 2.0 6.0 0.0 3.0 6.0 0.0 3.0 5.0 0.0 3.0 0.0 2.0 5.0 0.0 6.0 0.0 2.0 3.0 1.0 2.0
p237 6.0 0.0 6.0 0.0 6.0 0.0 6.0 1.0 0.0 4.0 4.0 2.0 2.0 6.0 1.0 0.0 4.0 3.0 1.0 6.0 4.0 2.0 4.0 0.0 3.0 2.0 2.0 3.0 4.0 1.0 2.0 4.0 4.0 5.0 2.0 0.0 1.0 3.0 0.0 0.0 2.0 0.0 6.0 5.0 0.0 6.0 0.0 4.0
p238 1.0 4.0 1.0 5.0 1.0 2.0 5.0 6.0 5.0 6.0 3.0 2.0 5.0 0.0 5.0 0.0 6.0 5.0 1.0 4.0 2.0 4.0 3.0 1.0 2.0 4.0 5.0 5.0 2.0 5.0 0.0 3.0 5.0 0.0 5.0 0.0 4.0 2.0 5.0 5.0 2.0 4.0 0.0 3.0 4.0 2.0 0.0 4.0
p239 5.0 4.0 5.0 3.0 0.0 5.0 6.0 4.0 3.0 3.0 5.0 5.0 2.0 3.0 0.0 0.0 1.0 3.0 6.0 4.0 4.0 6.0 0.0 1.0 1.0 6.0 6.0 0.0 6.0 1.0 0.0 6.0 6.0 4.0 4.0 1.0 5.0 3.0 6.0 2.0 1.0 5.0 2.0 1.0 6.0 4.0 3.0 6.0
p240 4.0 1.0 2.0 0.0 5.0 2.0 2.0 0.0 1.0 2.0 1.0 6.0 3.0 5.0 4.0 0.0 2.0 1.0 5.0 3.0 3.0 0.0 3.0 6.0 4.0 3.0 4.0 3.0 1.0 2.0 2.0 4.0 1.0 2.0 2.0 0.0 2.0 6.0 2.0 6.0 6.0 5.0 3.0 2.0 6.0 1.0 0.0 1.0
p241 1.0 1.0 0.0 2.0 5.0 4.0 4.0 3.0 3.0 6.0 5.0 6.0 5.0 3.0 0.0 1.0 1.0 4.0 6.0 4.0 0.0 4.0 4.0 2.0 6.0 0.0 5.0 3.0 3.0 5.0 3.0 3.0 2.0 0.0 0.0 2.0 1.0 3.0 3.0 4.0 2.0 1.0 2.0 3.0 0.0 3.0 5.0 0.0
p242 6.0 1.0 0.0 0.0 5.0 5.0 1.0 4.0 1.0 4.0 0.0 5.0 1.0 3.0 1.0 1.0 5.0 3.0 2.0 4.0 4.0 2.0 4.0 0.0 4.0 1.0 1.0 3.0 2.0 2.0 3.0 1.0 1.0 2.0 4.0 1.0 2.0 0.0 2.0 2.0 6.0 0.0 3.0 3.0 6.0 0.0 0.0 1.0
p243 1.0 1.0 3.0 3.0 6.0 2.0 2.0 1.0 5.0 5.0 0.0 6.0 2.0 5.0 5.0 6.0 2.0 0.0 5.0 4.0 1.0 4.0 2.0 5.0 0.0 3.0 4.0 0.0 5.0 6.0 5.0 6.0 0.0 2.0 2.0 0.0 0.0 1.0 1.0 0.0 4.0 1.0 1.0 4.0 2.0 5.0 5.0 6.0
p244 2.0 4.0 6.0 5.0 4.0 2.0 3.0 0.0 6.0 3.0 3.0 3.0 0.0 2.0 5.0 0.0 0.0 6.0 1.0 2.0 6.0 5.0 1.0 6.0 0.0 6.0 0.0 0.0 5.0 5.0 6.0 2.0 6.0 0.0 3.0 5.0 2.0 4.0 0.0 1.0 2.0 0.0 1.0 3.0 1.0 6.0 5.0 2.0
p245 4.0 6.0 0.0 3.0 0.0 1.0 3.0 3.0 1.0 2.0 0.0 1.0 4.0 1.0 6.0 0.0 4.0 0.0 6.0 6.0 3.0 1.0 0.0 2.0 3.0 4.0 6.0 2.0 3.0 4.0 5.0 5.0 3.0 4.0 6.0 5.0 6.0 0.0 2.0 4.0 3.0 4.0 5.0 0.0 6.0 6.0 6.0 2.0
p246 5.0 6.0 1.0 2.0 5.0 6.0 6.0 4.0 6.0 1.0 1.0 0.0 0.0 0.0 1.0 3.0 1.0 0.0 4.0 1.0 5.0 0.0 5.0 3.0 0.0 2.0 2.0 5.0 2.0 0.0 2.0 2.0 0.0 4.0 4.0 1.0 3.0 5.0 3.0 0.0 3.0 0.0 1.0 3.0 4.0 6.0 3.0 1.0
p247 4.0 4.0 0.0 6.0 5.0 1.0 5.0 3.0 3.0 5.0 4.0 6.0 4.0 3.0 0.0 6.0 1.0 0.0 2.0 4.0 3.0 6.0 6.0 4.0 1.0 4.0 6.0 1.0 4.0 2.0 2.0 0.0 6.0 6.0 2.0 2.0 6.0 3.0 3.0 4.0 5.0 5.0 3.0 4.0 4.0 2.0 4.0 5.0
p248 0.0 6.0 4.0 0.0 5.0 3.0 2.0 2.0 5.0 0.0 3.0 1.0 1.0 2.0 0.0 0.0 1.0 6.0 2.0 1.0 5.0 1.0 4.0 2.0 6.0 0.0 5.0 4.0 5.0 0.0 5.0 0.0 5.0 1.0 3.0 5.0 2.0 4.0 5.0 1.0 6.0 1.0 1.0 4.0 1.0 4.0 3.0 2.0
p249 2.0 2.0 4.0 1.0 3.0 3.0 2.0 1.0 6.0 3.0 0.0 0.0 0.0 3.0 0.0 4.0 3.0 0.0 1.0 2.0 6.0 6.0 6.0 6.0 2.0 4.0 1.0 2.0 0.0 6.0 3.0 4.0 2.0 3.0 3.0 1.0 0.0 1.0 3.0 1.0 2.0 2.0 6.0 2.0 0.0 1.0 5.0 0.0
p250 5.0 5.0 5.0 5.0 6.0 3.0 3.0 6.0 6.0 2.0 3.0 2.0 1.0 2.0 1.0 0.0 3.0 6.0 2.0 2.0 6.0 1.0 6.0 6.0 1.0 6.0 1.0 1.0 3.0 2.0 4.0 0.0 4.0 4.0 6.0 3.0 0.0 3.0 0.0 6.0 4.0 6.0 5.0 5.0 3.0 3.0 2.0 1.0
p251 2.0 3.0 4.0 5.0 6.0 5.0 5.0 6.0 3.0 0.0 6.0 6.0 0.0 1.0 0.0 1.0 4.0 2.0 1.0 2.0 1.0 1.0 3.0 6.0 1.0 4.0 1.0 3.0 2.0 5.0 1.0 2.0 4.0 6.0 2.0 2.0 1.0 2.0 1.0 5.0 5.0 2.0 0.0 6.0 2.0 4.0 5.0 2.0
p252 4.0 6.0 4.0 1.0 1.0 1.0 6.0 1.0 2.0 3.0 3.0 1.0 5.0 3.0 5.0 1.0 2.0 4.0 6.0 2.0 0.0 5.0 0.0 2.0 1.0 0.0 6.0 0.0 3.0 1.0 1.0 2.0 4.0 4.0 1.0 5.0 4.0 1.0 1.0 0.0 2.0 3.0 1.0 1.0 5.0 2.0 2.0 6.0
p253 1.0 4.0 1.0 6.0 6.0 1.0 2.0 1.0 1.0 1.0 4.0 4.0 4.0 3.0 5.0 1.0 2.0 0.0 2.0 1.0 4.0 3.0 1.0 0.0 4.0 5.0 0.0 0.0 2.0 6.0 3.0 5.0 3.0 2.0 0.0 0.0 6.0 4.0 3.0 0.0 1.0 3.0 0.0 3.0 1.0 5.0 1.0 2.0
p254 1.0 3.0 4.0 0.0 1.0 6.0 2.0 1.0 0.0 0.0 6.0 6.0 6.0 0.0 1.0 6.0 6.0 3.0 6.0 6.0 1.0 5.0 1.0 5.0 0.0 3.0 0.0 4.0 5.0 1.0 5.0 1.0 5.0 5.0 4.0 0.0 1.0 5.0 4.0 3.0 6.0 2.0 1.0 0.0 5.0 2.0 1.0 0.0
p255 5.0 6.0 1.0 6.0 5.0 0.0 5.0 6.0 1.0 1.0 1.0 0.0 1.0 6.0 3.0 0.0 0.0 6.0 2.0 0.0 2.0 0.0 4.0 6.0 6.0 2.0 0.0 2.0 1.0 0.0 4.0 0.0 1.0 4.0 2.0 1.0 0.0 4.0 0.0 3.0 2.0 1.0 3.0 6.0 1.0 4.0 2.0 3.0
p256 3.0 4.0 1.0 6.0 3.0 0.0 5.0 0.0 2.0 0.0 4.0 5.0 4.0 4.0 0.0 1.0 4.0 3.0 1.0 2.0 5.0 2.0 3.0 3.0 2.0 1.0 4.0 0.0 4.0 0.0 1.0 4.0 3.0 4.0 3.0 4.0 3.0 6.0 5.0 0.0 2.0 1.0 2.0 3.0 2.0 3.0 0.0 1.0
p257 2.0 6.0 6.0 1.0 3.0 3.0 0.0 1.0 1.0 6.0 3.0 2.0 6.0 1.0 1.0 3.0 4.0 0.0 2.0 1.0 1.0 6.0 1.0 4.0 3.0 5.0 0.0 1.0 6.0 6.0 2.0 0.0 0.0 0.0 0.0 2.0 5.0 1.0 3.0 1.0 1.0 2.0 6.0 1.0 4.0 2.0 0.0 0.0
p258 0.0 3.0 6.0 1.0 2.0 2.0 1.0 1.0 1.0 4.0 2.0 3.0 0.0 6.0 3.0 4.0 6.0 4.0 0.0 3.0 2.0 5.0 2.0 3.0 5.0 3.0 5.0 3.0 1.0 0.0 0.0 0.0 1.0 1.0 4.0 6.0 2.0 2.0 0.0 0.0 3.0 6.0 1.0 3.0 5.0 0.0 2.0 3.0
p259 1.0 5.0 6.0 0.0 3.0 4.0 5.0 0.0 4.0 3.0 6.0 5.0 0.0 0.0 0.0 6.0 0.0 2.0 4.0 3.0 1.0 1.0 2.0 0.0 2.0 3.0 0.0 0.0 1.0 6.0 6.0 5.0 2.0 3.0 2.0 4.0 2.0 2.0 6.0 4.0 4.0 1.0 4.0 2.0 0.0 1.0 6.0 4.0
p260 0.0 2.0 0.0 3.0 4.0 1.0 6.0 2.0 4.0 4.0 6.0 4.0 0.0 5.0 0.0 1.0 4.0 6.0 1.0 0.0 2.0 4.0 3.0 6.0 3.0 5.0 5.0 4.0 3.0 5.0 6.0 6.0 3.0 6.0 1.0 2.0 2.0 0.0 5.0 0.0 5.0 3.0 2.0 2.0 3.0 1.0 4.0 2.0
p261 5.0 4.0 3.0 6.0 0.0 4.0 6.0 3.0 6.0 4.0 1.0 3.0 1.0 4.0 3.0 0.0 0.0 2.0 1.0 5.0 3.0 2.0 6.0 4.0 3.0 3.0 5.0 0.0 2.0 6.0 1.0 3.0 4.0 4.0 2.0 2.0 4.0 4.0 0.0 1.0 1.0 2.0 2.0 1.0 2.0 6.0 2.0 0.0
p262 3.0 2.0 0.0 6.0 1.0 2.0 1.0 6.0 0.0 3.0 3.0 4.0 1.0 1.0 3.0 1.0 2.0 4.0 1.0 0.0 0.0 5.0 0.0 1.0 1.0 1.0 1.0 1.0 3.0 5.0 5.0 0.0 2.0 0.0 6.0 0.0 0.0 2.0 3.0 6.0 0.0 0.0 2.0 3.0 1.0 0.0 0.0 5.0
p263 3.0 3.0 0.0 2.0 6.0 0.0 1.0 4.0 4.0 2.0 2.0 1.0 0.0 1.0 5.0 4.0 3.0 1.0 2.0 3.0 5.0 4.0 1.0 6.0 6.0 1.0 0.0 0.0 3.0 2.0 6.0 0.0 5.0 5.0 4.0 1.0 5.0 6.0 6.0 1.0 1.0 1.0 1.0 1.0 0.0 5.0 0.0 6.0
p264 4.0 0.0 4.0 6.0 4.0 4.0 2.0 3.0 4.0 1.0 1.0 4.0 1.0 5.0 4.0 5.0 0.0 2.0 6.0 5.0 1.0 2.0 0.0 3.0 1.0 4.0 0.0 2.0 4.0 2.0 0.0 0.0 4.0 5.0 5.0 2.0 0.0 0.0 1.0 1.0 0.0 0.0 4.0 2.0 2.0 5.0 0.0 1.0
p265 0.0 0.0 0.0 4.0 5.0 4.0 0.0 5.0 0.0 6.0 0.0 1.0 5.0 5.0 1.0 0.0 2.0 1.0 0.0 0.0 0.0 1.0 5.0 4.0 1.0 1.0 2.0 3.0 3.0 0.0 1.0 5.0 2.0 5.0 0.0 6.0 5.0 2.0 2.0 0.0 4.0 5.0 5.0 4.0 4.0 0.0 3.0 5.0
p266 2.0 3.0 3.0 3.0 2.0 4.0 2.0 5.0 5.0 1.0 2.0 0.0 0.0 5.0 5.0 1.0 5.0 0.0 1.0 1.0 0.0 5.0 6.0 1.0 2.0 0.0 0.0 1.0 1.0 4.0 5.0 3.0 0.0 5.0 4.0 0.0 2.0 6.0 6.0 3.0 0.0 2.0 4.0 4.0 1.0 3.0 2.0 0.0
p267 0.0 5.0 3.0 5.0 2.0 3.0 5.0 4.0 0.0 1.0 6.0 1.0 1.0 2.0 0.0 2.0 5.0 3.0 1.0 2.0 6.0 5.0 2.0 0.0 6.0 0.0 4.0 0.0 4.0 1.0 6.0 6.0 5.0 6.0 0.0 5.0 0.0 5.0 0.0 0.0 0.0 5.0 0.0 4.0 6.0 4.0 5.0 0.0
p268 6.0 4.0 3.0 3.0 5.0 5.0 2.0 2.0 4.0 4.0 5.0 1.0 6.0 6.0 5.0 2.0 3.0 3.0 3.0 1.0 6.0 0.0 1.0 3.0 6.0 2.0 2.0 2.0 6.0 1.0 0.0 0.0 0.0 0.0 1.0 1.0 0.0 3.0 5.0 5.0 4.0 4.0 6.0 0.0 2.0 0.0 2.0 3.0
p269 4.0 1.0 4.0 4.0 3.0 4.0 4.0 3.0 1.0 5.0 3.0 4.0 0.0 0.0 2.0 5.0 5.0 4.0 4.0 5.0 0.0 0.0 5.0 1.0 2.0 0.0 3.0 2.0 5.0 3.0 0.0 5.0 6.0 5.0 6.0 2.0 4.0 1.0 2.0 0.0 0.0 1.0 3.0 2.0 5.0 0.0 6.0 2.0
p270 2.0 2.0 3.0 2.0 5.0 6.0 0.0 1.0 3.0 5.0 2.0 6.0 1.0 4.0 2.0 5.0 2.0 4.0 6.0 6.0 2.0 1.0 5.0 1.0 5.0 4.0 4.0 5.0 2.0 5.0 3.0 2.0 0.0 5.0 2.0 0.0 2.0 0.0 2.0 4.0 4.0 3.0 0.0 2.0 4.0 4.0 2.0 2.0
p271 2.0 6.0 1.0 1.0 4.0 5.0 4.0 6.0 2.0 3.0 2.0 3.0 6.0 1.0 0.0 6.0 3.0 5.0 6.0 6.0 2.0 6.0 0.0 0.0 1.0 5.0 0.0 1.0 0.0 6.0 1.0 3.0 4.0 4.0 3.0 4.0 4.0 1.0 4.0 1.0 6.0 1.0 3.0 1.0 2.0 2.0 3.0 5.0
p272 6.0 1.0 5.0 3.0 3.0 0.0 3.0 4.0 5.0 3.0 6.0 1.0 4.0 0.0 0.0 1.0 4.0 2.0 6.0 3.0 6.0 5.0 2.0 5.0 5.0 5.0 0.0 5.0 0.0 1.0 2.0 3.0 1.0 6.0 3.0 0.0 5.0 0.0 6.0 4.0 5.0 5.0 6.0 4.0 0.0 1.0 3.0 1.0
p273 2.0 5.0 4.0 6.0 0.0 1.0 1.0 4.0 4.0 6.0 2.0 1.0 4.0 3.0 4.0 2.0 4.0 1.0 2.0 0.0 3.0 5.0 0.0 5.0 0.0 5.0 2.0 2.0 3.0 1.0 3.0 1.0 4.0 1.0 1.0 1.0 3.0 0.0 3.0 3.0 0.0 3.0 6.0 3.0 5.0 0.0 2.0 2.0
p274 3.0 4.0 5.0 5.0 3.0 2.0 1.0 6.0 4.0 6.0 1.0 0.0 5.0 2.0 2.0 5.0 1.0 5.0 3.0 1.0 6.0 2.0 4.0 1.0 1.0 1.0 5.0 6.0 1.0 1.0 1.0 6.0 6.0 5.0 2.0 4.0 6.0 6.0 1.0 3.0 1.0 0.0 1.0 0.0 0.0 0.0 3.0 1.0
p275 0.0 5.0 3.0 0.0 2.0 1.0 1.0 5.0 6.0 3.0 4.0 4.0 4.0 1.0 1.0 2.0 2.0 6.0 2.0 3.0 6.0 1.0 3.0 0.0 0.0 0.0 5.0 4.0 3.0 4.0 4.0 2.0 4.0 2.0 5.0 5.0 1.0 5.0 3.0 1.0 4.0 6.0 1.0 2.0 4.0 2.0 3.0 1.0
p276 1.0 1.0 1.0 1.0 0.0 1.0 2.0 0.0 1.0 4.0 1.0 5.0 2.0 5.0 0.0 1.0 3.0 5.0 2.0 4.0 4.0 2.0 1.0 5.0 2.0 0.0 0.0 6.0 6.0 6.0 4.0 5.0 3.0 3.0 5.0 6.0 5.0 3.0 0.0 0.0 3.0 2.0 4.0 1.0 4.0 3.0 4.0 4.0
p277 6.0 6.0 2.0 1.0 1.0 2.0 2.0 3.0 0.0 0.0 0.0 3.0 2.0 5.0 2.0 3.0 0.0 4.0 1.0 3.0 6.0 4.0 2.0 6.0 2.0 2.0 2.0 2.0 0.0 0.0 5.0 5.0 1.0 4.0 0.0 1.0 4.0 1.0 0.0 6.0 3.0 4.0 1.0 0.0 5.0 3.0 5.0 1.0
p278 0.0 5.0 2.0 5.0 6.0 5.0 3.0 1.0 1.0 3.0 6.0 1.0 0.0 2.0 5.0 1.0 2.0 3.0 5.0 4.0 3.0 5.0 4.0 6.0 4.0 1.0 0.0 2.0 3.0 1.0 5.0 5.0 4.0 2.0 6.0 5.0 0.0 2.0 2.0 1.0 6.0 2.0 0.0 2.0 5.0 1.0 6.0 1.0
p279 0.0 6.0 5.0 5.0 5.0 0.0 1.0 4.0 0.0 1.0 0.0 0.0 0.0 6.0 2.0 4.0 6.0 4.0 5.0 5.0 1.0 0.0 4.0 2.0 1.0 1.0 6.0 4.0 4.0 6.0 4.0 2.0 3.0 4.0 4.0 1.0 3.0 6.0 2.0 6.0 5.0 4.0 4.0 0.0 1.0 6.0 4.0 1.0
p280 3.0 1.0 3.0 5.0 3.0 0.0 6.0 5.0 3.0 1.0 1.0 5.0 6.0 6.0 6.0 4.0 2.0 6.0 2.0 5.0 6.0 4.0 5.0 0.0 2.0 2.0 1.0 0.0 5.0 4.0 2.0 4.0 3.0 2.0 6.0 0.0 2.0 6.0 3.0 3.0 1.0 5.0 0.0 0.0 0.0 5.0 1.0 5.0
p281 1.0 4.0 3.0 3.0 3.0 2.0 6.0 3.0 3.0 4.0 2.0 6.0 3.0 3.0 3.0 4.0 4.0 1.0 0.0 2.0 1.0 0.0 0.0 4.0 0.0 0.0 5.0 5.0 3.0 1.0 1.0 6.0 5.0 6.0 3.0 2.0 5.0 6.0 2.0 4.0 3.0 2.0 1.0 1.0 2.0 3.0 3.0 2.0
p282 0.0 5.0 1.0 5.0 4.0 3.0 6.0 6.0 1.0 2.0 0.0 1.0 0.0 3.0 5.0 2.0 0.0 2.0 1.0 2.0 3.0 0.0 6.0 4.0 3.0 6.0 3.0 6.0 1.0 4.0 1.0 5.0 5.0 3.0 0.0 6.0 6.0 6.0 4.0 3.0 6.0 4.0 0.0 1.0 2.0 3.0 4.0 2.0
p283 2.0 5.0 0.0 5.0 3.0 3.0 0.0 3.0 2.0 6.0 5.0 5.0 5.0 0.0 1.0 6.0 4.0 1.0 0.0 1.0 6.0 2.0 2.0 0.0 2.0 1.0 0.0 0.0 6.0 4.0 6.0 4.0 5.0 2.0 1.0 4.0 5.0 2.0 0.0 4.0 6.0 0.0 0.0 3.0 4.0 3.0 3.0 3.0
p284 0.0 5.0 5.0 3.0 5.0 1.0 4.0 1.0 4.0 0.0 4.0 1.0 4.0 3.0 1.0 0.0 6.0 2.0 3.0 3.0 2.0 6.0 0.0 3.0 1.0 1.0 1.0 0.0 5.0 1.0 0.0 0.0 2.0 6.0 0.0 6.0 0.0 6.0 2.0 2.0 4.0 1.0 0.0 2.0 4.0 2.0 3.0 0.0
p285 3.0 4.0 0.0 3.0 1.0 6.0 1.0 0.0 1.0 4.0 5.0 5.0 3.0 4.0 1.0 5.0 1.0 3.0 5.0 4.0 4.0 0.0 5.0 2.0 4.0 4.0 2.0 1.0 3.0 3.0 3.0 3.0 4.0 0.0 0.0 1.0 5.0 0.0 0.0 3.0 1.0 1.0 0.0 4.0 3.0 3.0 0.0 3.0
p286 1.0 3.0 6.0 3.0 1.0 0.0 0.0 6.0 2.0 0.0 5.0 2.0 5.0 1.0 2.0 6.0 2.0 2.0 3.0 3.0 6.0 0.0 5.0 5.0 5.0 6.0 5.0 0.0 2.0 3.0 2.0 5.0 6.0 1.0 3.0 0.0 5.0 6.0 5.0 3.0 5.0 0.0 5.0 0.0 1.0 3.0 0.0 6.0
p287 4.0 0.0 2.0 2.0 0.0 0.0 0.0 2.0 3.0 5.0 3.0 4.0 5.0 0.0 3.0 4.0 3.0 4.0 2.0 5.0 1.0 0.0 0.0 6.0 0.0 1.0 3.0 0.0 5.0 4.0 5.0 5.0 3.0 0.0 1.0 1.0 2.0 5.0 1.0 5.0 1.0 3.0 6.0 3.0 2.0 3.0 1.0 2.0
p288 1.0 4.0 0.0 2.0 3.0 0.0 1.0 6.0 4.0 5.0 3.0 0.0 4.0 2.0 6.0 3.0 0.0 1.0 0.0 2.0 2.0 6.0 0.0 5.0 2.0 0.0 6.0 5.0 6.0 4.0 1.0 2.0 0.0 6.0 4.0 5.0 0.0 1.0 1.0 2.0 3.0 0.0 4.0 5.0 5.0 3.0 3.0 4.0
p289 6.0 6.0 0.0 0.0 1.0 5.0 1.0 1.0 3.0 0.0 5.0 1.0 4.0 0.0 3.0 5.0 1.0 3.0 3.0 1.0 0.0 2.0 1.0 6.0 5.0 0.0 2.0 1.0 2.0 5.0 3.0 4.0 1.0 3.0 3.0 3.0 0.0 4.0 0.0 5.0 3.0 1.0 2.0 3.0 4.0 1.0 0.0 6.0
p290 4.0 6.0 1.0 1.0 2.0 5.0 4.0 3.0 0.0 2.0 6.0 1.0 4.0 2.0 2.0 3.0 0.0 3.0 3.0 0.0 2.0 2.0 0.0 5.0 4.0 1.0 1.0 2.0 0.0 1.0 2.0 0.0 3.0 0.0 3.0 0.0 1.0 6.0 1.0 4.0 4.0 1.0 3.0 4.0 4.0 3.0 0.0 4.0
p291 0.0 2.0 4.0 1.0 2.0 5.0 0.0 2.0 2.0 0.0 4.0 2.0 0.0 0.0 1.0 3.0 1.0 2.0 0.0 2.0 0.0 1.0 3.0 6.0 3.0 5.0 4.0 3.0 0.0 1.0 2.0 1.0 6.0 0.0 4.0 0.0 4.0 4.0 5.0 0.0 0.0 0.0 1.0 4.0 5.0 4.0 1.0 2.0
p292 5.0 0.0 4.0 3.0 1.0 0.0 4.0 2.0 5.0 2.0 2.0 3.0 0.0 4.0 6.0 1.0 3.0 2.0 2.0 3.0 6.0 1.0 3.0 3.0 5.0 0.0 3.0 1.0 4.0 0.0 3.0 6.0 0.0 6.0 3.0 5.0 1.0 2.0 1.0 4.0 3.0 4.0 6.0 4.0 2.0 3.0 5.0 1.0
p293 1.0 3.0 1.0 4.0 6.0 3.0 0.0 2.0 2.0 4.0 3.0 1.0 3.0 4.0 4.0 0.0 3.0 2.0 6.0 3.0 5.0 0.0 0.0 3.0 1.0 4.0 2.0 3.0 5.0 5.0 4.0 4.0 2.0 2.0 4.0 6.0 0.0 5.0 0.0 1.0 4.0 2.0 6.0 5.0 2.0 5.0 1.0 6.0
p294 6.0 4.0 4.0 5.0 3.0 4.0 6.0 5.0 5.0 1.0 0.0 6.0 0.0 2.0 0.0 0.0 0.0 0.0 2.0 6.0 1.0 4.0 0.0 2.0 6.0 6.0 2.0 2.0 4.0 3.0 4.0 2.0 4.0 3.0 2.0 0.0 0.0 2.0 5.0 4.0 0.0 0.0 6.0 1.0 4.0 3.0 3.0 2.0
p295 2.0 0.0 2.0 1.0 6.0 2.0 6.0 4.0 4.0 2.0 0.0 4.0 0.0 4.0 5.0 4.0 4.0 1.0 6.0 6.0 1.0 3.0 4.0 5.0 6.0 1.0 5.0 5.0 0.0 2.0 5.0 2.0 4.0 2.0 2.0 4.0 2.0 5.0 0.0 3.0 3.0 2.0 3.0 4.0 4.0 4.0 5.0 2.0
p296 0.0 5.0 2.0 2.0 4.0 3.0 4.0 0.0 4.0 0.0 5.0 1.0 2.0 1.0 2.0 1.0 1.0 6.0 2.0 6.0 4.0 1.0 1.0 4.0 4.0 0.0 1.0 2.0 3.0 5.0 3.0 6.0 5.0 1.0 1.0 5.0 5.0 3.0 5.0 5.0 3.0 3.0 0.0 6.0 1.0 1.0 5.0 5.0
p297 5.0 0.0 4.0 2.0 4.0 3.0 4.0 2.0 0.0 5.0 5.0 3.0 0.0 4.0 5.0 4.0 1.0 5.0 6.0 5.0 3.0 6.0 5.0 5.0 0.0 3.0 1.0 0.0 3.0 0.0 1.0 5.0 1.0 1.0 5.0 2.0 0.0 6.0 6.0 2.0 0.0 5.0 3.0 2.0 5.0 5.0 2.0 0.0
p298 5.0 1.0 0.0 4.0 3.0 3.0 0.0 0.0 0.0 5.0 0.0 3.0 6.0 6.0 0.0 3.0 3.0 6.0 0.0 5.0 2.0 5.0 3.0 2.0 0.0 5.0 6.0 2.0 4.0 2.0 5.0 3.0 0.0 3.0 2.0 3.0 3.0 6.0 0.0 6.0 0.0 0.0 1.0 3.0 1.0 4.0 2.0 1.0
p299 2.0 4.0 4.0 1.0 3.0 0.0 5.0 5.0 1.0 0.0 0.0 1.0 0.0 0.0 0.0 1.0 1.0 4.0 3.0 0.0 1.0 2.0 1.0 5.0 6.0 0.0 0.0 5.0 1.0 3.0 6.0 0.0 4.0 2.0 1.0 4.0 0.0 3.0 3.0 5.0 1.0 1.0 5.0 5.0 4.0 5.0 5.0 2.0
p300 1.0 1.0 2.0 4.0 2.0 0.0 1.0 6.0 5.0 2.0 4.0 3.0 2.0 6.0 5.0 3.0 2.0 6.0 5.0 2.0 5.0 4.0 0.0 2.0 6.0 4.0 5.0 4.0 5.0 6.0 2.0 6.0 0.0 4.0 0.0 6.0 0.0 5.0 4.0 3.0 2.0 2.0 3.0 4.0 0.0 1.0 3.0 6.0
p301 3.0 2.0 2.0 0.0 1.0 2.0 3.0 2.0 1.0 0.0 1.0 1.0 1.0 5.0 1.0 2.0 3.0 3.0 6.0 5.0 6.0 3.0 6.0 5.0 2.0 3.0 2.0 0.0 4.0 5.0 2.0 4.0 2.0 1.0 4.0 6.0 1.0 6.0 5.0 4.0 6.0 6.0 1.0 1.0 6.0 2.0 6.0 4.0
p302 2.0 4.0 0.0 3.0 2.0 5.0 6.0 5.0 5.0 0.0 0.0 6.0 2.0 0.0 1.0 6.0 3.0 6.0 3.0 4.0 1.0 3.0 5.0 2.0 1.0 1.0 5.0 5.0 2.0 2.0 2.0 0.0 0.0 6.0 4.0 0.0 4.0 0.0 0.0 2.0 3.0 5.0 5.0 4.0 6.0 1.0 1.0 1.0
p303 4.0 6.0 0.0 4.0 3.0 5.0 1.0 0.0 6.0 0.0 3.0 6.0 1.0 3.0 4.0 4.0 5.0 0.0 0.0 5.0 4.0 3.0 3.0 5.0 0.0 1.0 1.0 4.0 3.0 2.0 0.0 4.0 2.0 3.0 0.0 4.0 1.0 2.0 5.0 2.0 5.0 4.0 1.0 2.0 4.0 4.0 2.0 1.0
p304 2.0 4.0 6.0 1.0 4.0 0.0 3.0 1.0 2.0 4.0 0.0 1.0 0.0 0.0 5.0 5.0 4.0 2.0 2.0 4.0 5.0 5.0 5.0 0.0 3.0 3.0 4.0 5.0 0.0 5.0 3.0 5.0 4.0 5.0 2.0 5.0 0.0 3.0 0.0 2.0 3.0 4.0 3.0 0.0 2.0 5.0 2.0 1.0
p305 5.0 6.0 0.0 3.0 3.0 2.0 1.0 2.0 2.0 0.0 0.0 2.0 5.0 5.0 3.0 3.0 2.0 0.0 4.0 2.0 2.0 1.0 1.0 4.0 6.0 4.0 4.0 3.0 6.0 0.0 6.0 5.0 4.0 6.0 2.0 3.0 1.0 2.0 4.0 1.0 0.0 0.0 6.0 6.0 6.0 0.0 4.0 3.0
p306 4.0 1.0 0.0 2.0 6.0 6.0 6.0 3.0 1.0 3.0 4.0 2.0 0.0 1.0 1.0 5.0 0.0 0.0 5.0 0.0 4.0 6.0 5.0 2.0 2.0 5.0 3.0 3.0 5.0 2.0 3.0 0.0 5.0 2.0 5.0 1.0 4.0 6.0 1.0 3.0 0.0 0.0 5.0 2.0 5.0 0.0 3.0 3.0
p307 5.0 5.0 3.0 5.0 0.0 1.0 1.0 0.0 1.0 0.0 1.0 4.0 0.0 3.0 2.0 1.0 6.0 6.0 3.0 3.0 6.0 3.0 0.0 0.0 0.0 6.0 1.0 4.0 2.0 3.0 4.0 0.0 6.0 1.0 4.0 3.0 1.0 0.0 4.0 4.0 1.0 5.0 6.0 2.0 2.0 1.0 0.0 0.0
p308 5.0 3.0 1.0 6.0 1.0 2.0 1.0 2.0 4.0 3.0 6.0 5.0 3.0 3.0 5.0 6.0 5.0 2.0 4.0 1.0 0.0 2.0 2.0 1.0 3.0 5.0 1.0 2.0 5.0 2.0 0.0 0.0 4.0 3.0 2.0 0.0 2.0 2.0 2.0 5.0 0.0 0.0 3.0 5.0 3.0 2.0 0.0 4.0
p309 6.0 2.0 2.0 4.0 0.0 1.0 4.0 2.0 4.0 5.0 4.0 0.0 1.0 3.0 4.0 3.0 6.0 6.0 6.0 3.0 4.0 2.0 2.0 0.0 4.0 0.0 2.0 6.0 0.0 1.0 6.0 2.0 3.0 6.0 3.0 4.0 6.0 1.0 1.0 3.0 0.0 1.0 4.0 2.0 6.0 4.0 5.0 5.0
p310 3.0 1.0 0.0 0.0 2.0 2.0 5.0 6.0 0.0 3.0 0.0 1.0 0.0 2.0 1.0 4.0 2.0 0.0 1.0 6.0 6.0 3.0 6.0 3.0 2.0 2.0 1.0 4.0 0.0 6.0 2.0 4.0 1.0 3.0 6.0 6.0 3.0 5.0 5.0 0.0 1.0 5.0 0.0 1.0 0.0 3.0 2.0 2.0
p311 5.0 2.0 1.0 6.0 0.0 1.0 4.0 1.0 0.0 2.0 1.0 0.0 5.0 0.0 4.0 4.0 1.0 2.0 3.0 6.0 4.0 6.0 1.0 5.0 6.0 5.0 4.0 3.0 0.0 2.0 2.0 0.0 2.0 3.0 6.0 4.0 0.0 4.0 1.0 2.0 0.0 3.0 6.0 4.0 1.0 3.0 1.0 5.0
p312 4.0 5.0 5.0 0.0 5.0 1.0 5.0 1.0 3.0 0.0 3.0 4.0 5.0 4.0 6.0 4.0 4.0 2.0 1.0 3.0 1.0 0.0 0.0 2.0 2.0 0.0 3.0 2.0 2.0 3.0 0.0 1.0 0.0 3.0 1.0 0.0 1.0 3.0 0.0 0.0 1.0 1.0 4.0 4.0 3.0 6.0 5.0 4.0
p313 5.0 0.0 6.0 3.0 5.0 0.0 3.0 3.0 1.0 5.0 0.0 2.0 6.0 0.0 0.0 6.0 0.0 6.0 4.0 0.0 4.0 4.0 0.0 3.0 1.0 2.0 0.0 3.0 5.0 2.0 5.0 0.0 3.0 2.0 1.0 0.0 2.0 3.0 0.0 2.0 5.0 3.0 5.0 1.0 1.0 1.0 1.0 1.0
p314 6.0 2.0 0.0 2.0 1.0 5.0 4.0 0.0 4.0 6.0 1.0 0.0 4.0 6.0 3.0 4.0 3.0 1.0 0.0 0.0 0.0 2.0 6.0 6.0 5.0 3.0 4.0 1.0 5.0 3.0 4.0 5.0 3.0 3.0 4.0 2.0 4.0 5.0 1.0 4.0 3.0 2.0 4.0 1.0 4.0 2.0 3.0 4.0
p315 0.0 4.0 3.0 0.0 4.0 1.0 1.0 2.0 6.0 6.0 4.0 4.0 1.0 2.0 1.0 0.0 4.0 5.0 2.0 2.0 5.0 5.0 0.0 4.0 4.0 4.0 3.0 2.0 3.0 3.0 5.0 1.0 6.0 1.0 1.0 3.0 2.0 0.0 6.0 5.0 5.0 2.0 1.0 6.0 1.0 1.0 3.0 3.0
p316 1.0 4.0 0.0 2.0 1.0 3.0 6.0 2.0 4.0 2.0 1.0 4.0 1.0 3.0 2.0 4.0 3.0 5.0 0.0 0.0 4.0 2.0 2.0 1.0 3.0 4.0 1.0 4.0 1.0 1.0 5.0 4.0 6.0 3.0 5.0 2.0 2.0 5.0 5.0 1.0 5.0 2.0 4.0 0.0 4.0 3.0 2.0 6.0
p317 3.0 0.0 0.0 3.0 2.0 0.0 5.0 0.0 2.0 5.0 5.0 0.0 6.0 2.0 1.0 3.0 3.0 3.0 0.0 2.0 0.0 0.0 2.0 6.0 0.0 6.0 0.0 4.0 4.0 3.0 3.0 0.0 2.0 0.0 6.0 1.0 4.0 0.0 3.0 0.0 1.0 6.0 0.0 1.0 6.0 1.0 4.0 1.0
p318 1.0 0.0 0.0 2.0 4.0 0.0 0.0 2.0 4.0 1.0 6.0 1.0 5.0 6.0 3.0 0.0 2.0 0.0 2.0 1.0 4.0 1.0 2.0 0.0 6.0 6.0 6.0 2.0 5.0 3.0 1.0 4.0 4.0 1.0 2.0 0.0 4.0 0.0 6.0 2.0 1.0 1.0 5.0 5.0 4.0 3.0 1.0 3.0
p319 3.0 2.0 0.0 1.0 0.0 5.0 1.0 4.0 1.0 0.0 4.0 6.0 1.0 4.0 3.0 2.0 2.0 0.0 5.0 1.0 3.0 6.0 6.0 4.0 0.0 0.0 6.0 3.0 2.0 0.0 6.0 6.0 2.0 5.0 4.0 0.0 3.0 3.0 5.0 3.0 2.0 3.0 5.0 0.0 3.0 4.0 6.0 5.0
p320 0.0 0.0 0.0 6.0 1.0 3.0 3.0 0.0 3.0 0.0 0.0 3.0 4.0 1.0 2.0 3.0 5.0 0.0 1.0 0.0 1.0 0.0 4.0 1.0 2.0 5.0 2.0 0.0 3.0 0.0 5.0 3.0 1.0 0.0 6.0 0.0 0.0 1.0 3.0 0.0 0.0 4.0 2.0 1.0 6.0 1.0 1.0 5.0
p321 4.0 3.0 6.0 1.0 2.0 5.0 4.0 1.0 1.0 2.0 1.0 6.0 0.0 6.0 1.0 2.0 1.0 1.0 1.0 4.0 5.0 1.0 4.0 5.0 6.0 3.0 6.0 3.0 0.0 3.0 1.0 0.0 5.0 3.0 1.0 0.0 4.0 1.0 5.0 6.0 0.0 0.0 3.0 6.0 1.0 5.0 6.0 4.0
p322 3.0 5.0 0.0 2.0 1.0 6.0 2.0 2.0 1.0 0.0 0.0 3.0 2.0 3.0 6.0 2.0 0.0 4.0 4.0 0.0 5.0 3.0 5.0 2.0 2.0 1.0 4.0 5.0 1.0 2.0 4.0 1.0 0.0 5.0 2.0 6.0 6.0 1.0 0.0 4.0 3.0 5.0 3.0 5.0 1.0 0.0 0.0 1.0
p323 0.0 0.0 0.0 0.0 2.0 1.0 2.0 1.0 2.0 0.0 0.0 5.0 0.0 6.0 5.0 2.0 4.0 4.0 0.0 1.0 6.0 3.0 6.0 0.0 4.0 0.0 3.0 0.0 5.0 5.0 2.0 6.0 5.0 0.0 0.0 5.0 0.0 6.0 1.0 1.0 0.0 5.0 5.0 6.0 1.0 5.0 6.0 3.0
p324 4.0 2.0 2.0 1.0 0.0 3.0 1.0 3.0 3.0 5.0 2.0 5.0 0.0 4.0 0.0 6.0 5.0 6.0 2.0 5.0 4.0 2.0 0.0 3.0 0.0 6.0 6.0 6.0 2.0 4.0 4.0 2.0 6.0 1.0 1.0 2.0 2.0 4.0 0.0 5.0 1.0 4.0 3.0 4.0 6.0 1.0 1.0 1.0
p325 2.0 4.0 1.0 5.0 6.0 2.0 5.0 3.0 4.0 2.0 5.0 1.0 3.0 2.0 4.0 3.0 4.0 1.0 1.0 1.0 4.0 0.0 3.0 0.0 2.0 1.0 5.0 2.0 6.0 4.0 4.0 4.0 5.0 5.0 3.0 1.0 3.0 6.0 2.0 0.0 1.0 3.0 5.0 4.0 2.0 1.0 1.0 2.0
p326 4.0 6.0 2.0 6.0 4.0 3.0 0.0 6.0 1.0 2.0 0.0 0.0 6.0 6.0 2.0 0.0 1.0 5.0 6.0 3.0 6.0 2.0 3.0 1.0 4.0 2.0 0.0 2.0 5.0 5.0 4.0 3.0 3.0 1.0 0.0 3.0 2.0 2.0 0.0 5.0 0.0 2.0 4.0 5.0 4.0 1.0 3.0 4.0
p327 3.0 0.0 5.0 2.0 0.0 3.0 0.0 1.0 4.0 0.0 1.0 3.0 2.0 0.0 6.0 2.0 0.0 3.0 0.0 0.0 0.0 2.0 0.0 0.0 0.0 0.0 4.0 3.0 5.0 0.0 2.0 6.0 0.0 6.0 3.0 2.0 4.0 5.0 2.0 6.0 2.0 3.0 0.0 5.0 0.0 0.0 3.0 4.0
p328 1.0 2.0 5.0 3.0 0.0 6.0 6.0 2.0 0.0 0.0 5.0 0.0 4.0 1.0 5.0 2.0 1.0 2.0 1.0 4.0 4.0 5.0 1.0 2.0 2.0 3.0 2.0 5.0 0.0 1.0 2.0 3.0 5.0 1.0 3.0 4.0 2.0 4.0 4.0 1.0 1.0 1.0 2.0 2.0 2.0 4.0 1.0 2.0
p329 6.0 2.0 1.0 2.0 5.0 2.0 3.0 2.0 5.0 3.0 1.0 3.0 2.0 3.0 4.0 6.0 6.0 1.0 0.0 1.0 2.0 5.0 1.0 4.0 3.0 4.0 1.0 4.0 3.0 2.0 4.0 4.0 1.0 3.0 3.0 0.0 4.0 4.0 4.0 1.0 1.0 5.0 5.0 0.0 1.0 5.0 4.0 5.0
p330 1.0 6.0 1.0 2.0 3.0 2.0 6.0 5.0 6.0 2.0 2.0 4.0 3.0 1.0 4.0 3.0 3.0 4.0 3.0 5.0 3.0 1.0 0.0 5.0 5.0 1.0 4.0 4.0 4.0 1.0 5.0 1.0 1.0 1.0 0.0 3.0 0.0 6.0 4.0 0.0 5.0 3.0 0.0 3.0 4.0 0.0 1.0 0.0
p331 1.0 5.0 0.0 1.0 4.0 0.0 0.0 6.0 5.0 5.0 1.0 1.0 5.0 6.0 2.0 0.0 6.0 2.0 6.0 1.0 2.0 0.0 6.0 0.0 5.0 6.0 3.0 4.0 1.0 0.0 3.0 1.0 1.0 2.0 3.0 5.0 5.0 4.0 3.0 3.0 3.0 2.0 2.0 2.0 0.0 2.0 5.0 5.0
p332 2.0 6.0 6.0 4.0 2.0 3.0 1.0 2.0 5.0 0.0 1.0 6.0 5.0 3.0 2.0 0.0 4.0 4.0 5.0 1.0 5.0 3.0 0.0 6.0 6.0 1.0 2.0 0.0 0.0 4.0 3.0 6.0 2.0 4.0 2.0 2.0 3.0 2.0 3.0 1.0 2.0 6.0 4.0 5.0 1.0 3.0 4.0 5.0
p333 1.0 3.0 1.0 0.0 6.0 5.0 5.0 1.0 2.0 0.0 4.0 6.0 1.0 1.0 0.0 4.0 5.0 3.0 4.0 4.0 3.0 3.0 4.0 2.0 0.0 1.0 3.0 4.0 5.0 3.0 6.0 6.0 6.0 0.0 4.0 6.0 5.0 6.0 4.0 3.0 6.0 4.0 2.0 1.0 0.0 3.0 0.0 6.0
p334 0.0 4.0 6.0 0.0 6.0 2.0 1.0 3.0 3.0 2.0 3.0 2.0 6.0 6.0 2.0 0.0 6.0 5.0 5.0 6.0 6.0 2.0 4.0 4.0 5.0 5.0 5.0 0.0 4.0 4.0 3.0 2.0 2.0 5.0 1.0 2.0 0.0 1.0 3.0 0.0 1.0 0.0 1.0 6.0 2.0 6.0 3.0 0.0
p335 0.0 2.0 0.0 0.0 5.0 0.0 0.0 4.0 5.0 1.0 1.0 0.0 3.0 0.0 6.0 1.0 1.0 3.0 3.0 1.0 0.0 2.0 5.0 3.0 5.0 4.0 5.0 3.0 4.0 6.0 5.0 4.0 2.0 5.0 3.0 3.0 1.0 6.0 2.0 5.0 2.0 1.0 3.0 2.0 0.0 5.0 6.0 3.0
p336 0.0 3.0 2.0 3.0 1.0 0.0 6.0 1.0 1.0 3.0 4.0 1.0 5.0 5.0 3.0 2.0 2.0 1.0 3.0 6.0 6.0 1.0 0.0 1.0 1.0 2.0 1.0 4.0 5.0 3.0 5.0 3.0 1.0 6.0 4.0 4.0 4.0 0.0 2.0 5.0 1.0 6.0 5.0 2.0 5.0 1.0 1.0 1.0
p337 3.0 0.0 1.0 5.0 5.0 1.0 0.0 0.0 0.0 3.0 1.0 3.0 5.0 0.0 3.0 6.0 0.0 0.0 1.0 1.0 2.0 6.0 6.0 2.0 5.0 3.0 1.0 2.0 0.0 6.0 4.0 4.0 1.0 1.0 0.0 0.0 5.0 5.0 5.0 6.0 5.0 3.0 1.0 3.0 6.0 6.0 2.0 1.0
p338 6.0 1.0 4.0 4.0 4.0 0.0 2.0 2.0 4.0 1.0 3.0 2.0 4.0 0.0 4.0 3.0 6.0 0.0 2.0 1.0 6.0 1.0 4.0 1.0 6.0 2.0 1.0 1.0 2.0 2.0 0.0 5.0 0.0 5.0 4.0 0.0 4.0 2.0 4.0 4.0 2.0 6.0 2.0 1.0 2.0 2.0 2.0 2.0
p339 2.0 2.0 2.0 1.0 3.0 5.0 4.0 4.0 2.0 2.0 6.0 6.0 2.0 3.0 6.0 3.0 6.0 0.0 2.0 1.0 2.0 4.0 3.0 0.0 3.0 5.0 1.0 3.0 2.0 1.0 4.0 1.0 6.0 1.0 2.0 0.0 0.0 2.0 1.0 0.0 5.0 5.0 4.0 5.0 5.0 4.0 5.0 6.0
p340 5.0 3.0 4.0 0.0 4.0 6.0 3.0 4.0 3.0 3.0 2.0 0.0 5.0 4.0 2.0 3.0 6.0 5.0 6.0 1.0 1.0 0.0 2.0 2.0 2.0 3.0 5.0 3.0 2.0 3.0 2.0 3.0 5.0 2.0 0.0 2.0 3.0 2.0 0.0 4.0 0.0 0.0 0.0 6.0 1.0 2.0 0.0 2.0
p341 2.0 3.0 3.0 1.0 5.0 3.0 2.0 6.0 1.0 6.0 6.0 6.0 1.0 0.0 6.0 3.0 2.0 6.0 1.0 0.0 2.0 3.0 0.0 4.0 2.0 3.0 3.0 0.0 3.0 1.0 0.0 2.0 0.0 1.0 0.0 5.0 6.0 4.0 6.0 5.0 6.0 1.0 4.0 1.0 4.0 0.0 2.0 0.0
p342 5.0 2.0 2.0 5.0 0.0 1.0 5.0 1.0 1.0 4.0 6.0 3.0 6.0 0.0 1.0 3.0 2.0 6.0 5.0 2.0 2.0 1.0 0.0 5.0 5.0 1.0 0.0 5.0 1.0 1.0 2.0 1.0 2.0 2.0 1.0 5.0 2.0 1.0 3.0 2.0 0.0 6.0 4.0 3.0 3.0 3.0 0.0 3.0
p343 2.0 0.0 0.0 2.0 0.0 3.0 4.0 2.0 1.0 1.0 0.0 2.0 6.0 6.0 5.0 3.0 4.0 6.0 5.0 0.0 4.0 4.0 4.0 4.0 3.0 5.0 1.0 2.0 4.0 6.0 4.0 0.0 0.0 0.0 4.0 4.0 3.0 5.0 3.0 5.0 0.0 0.0 4.0 4.0 3.0 3.0 2.0 0.0
p344 6.0 2.0 0.0 5.0 1.0 4.0 2.0 0.0 6.0 4.0 1.0 0.0 2.0 3.0 2.0 4.0 2.0 2.0 4.0 6.0 5.0 2.0 1.0 0.0 4.0 0.0 2.0 2.0 6.0 5.0 0.0 0.0 6.0 3.0 2.0 1.0 6.0 3.0 4.0 2.0 3.0 2.0 0.0 0.0 3.0 3.0 0.0 1.0
p345 5.0 0.0 6.0 2.0 5.0 5.0 0.0 4.0 3.0 4.0 0.0 5.0 1.0 5.0 2.0 5.0 0.0 5.0 2.0 5.0 0.0 2.0 5.0 5.0 3.0 0.0 0.0 0.0 1.0 3.0 1.0 0.0 4.0 2.0 3.0 5.0 2.0 3.0 2.0 3.0 2.0 6.0 6.0 1.0 0.0 6.0 1.0 1.0
p346 0.0 0.0 2.0 3.0 5.0 0.0 2.0 2.0 6.0 1.0 0.0 5.0 2.0 4.0 0.0 0.0 0.0 3.0 3.0 4.0 3.0 1.0 1.0 3.0 6.0 5.0 0.0 2.0 3.0 3.0 2.0 0.0 2.0 5.0 2.0 1.0 0.0 4.0 6.0 4.0 2.0 6.0 4.0 5.0 1.0 0.0 0.0 1.0
p347 1.0 0.0 3.0 1.0 2.0 2.0 3.0 2.0 5.0 2.0 5.0 1.0 3.0 6.0 2.0 2.0 6.0 6.0 3.0 0.0 0.0 0.0 4.0 2.0 1.0 2.0 1.0 6.0 5.0 6.0 5.0 6.0 3.0 4.0 0.0 3.0 1.0 5.0 3.0 1.0 6.0 4.0 0.0 4.0 2.0 2.0 3.0 4.0
p348 2.0 1.0 5.0 6.0 3.0 6.0 2.0 6.0 3.0 4.0 3.0 0.0 0.0 6.0 1.0 5.0 4.0 6.0 1.0 2.0 0.0 3.0 4.0 5.0 4.0 6.0 2.0 4.0 5.0 5.0 6.0 2.0 0.0 4.0 5.0 5.0 3.0 0.0 6.0 4.0 6.0 3.0 0.0 5.0 3.0 0.0 6.0 3.0
p349 0.0 5.0 1.0 1.0 2.0 4.0 1.0 5.0 2.0 1.0 2.0 2.0 1.0 3.0 4.0 6.0 4.0 5.0 6.0 0.0 4.0 4.0 0.0 0.0 3.0 0.0 2.0 0.0 0.0 6.0 2.0 5.0 4.0 3.0 3.0 4.0 6.0 6.0 3.0 2.0 3.0 6.0 6.0 4.0 6.0 3.0 4.0 5.0
p350 4.0 4.0 5.0 0.0 3.0 4.0 3.0 0.0 0.0 6.0 6.0 1.0 3.0 0.0 0.0 2.0 6.0 5.0 6.0 0.0 4.0 1.0 0.0 3.0 1.0 0.0 1.0 2.0 4.0 5.0 3.0 2.0 0.0 5.0 3.0 3.0 2.0 1.0 1.0 0.0 4.0 2.0 2.0 5.0 0.0 0.0 4.0 5.0
p351 1.0 0.0 3.0 2.0 2.0 5.0 6.0 2.0 0.0 3.0 1.0 2.0 5.0 5.0 1.0 1.0 0.0 1.0 2.0 2.0 0.0 0.0 1.0 2.0 2.0 3.0 6.0 3.0 0.0 6.0 5.0 1.0 5.0 1.0 5.0 5.0 2.0 1.0 6.0 4.0 1.0 5.0 3.0 0.0 1.0 5.0 1.0 4.0
p352 0.0 1.0 4.0 4.0 1.0 4.0 4.0 3.0 2.0 4.0 4.0 0.0 3.0 6.0 2.0 4.0 0.0 5.0 1.0 1.0 6.0 3.0 6.0 6.0 1.0 3.0 1.0 3.0 6.0 1.0 4.0 4.0 3.0 4.0 4.0 4.0 3.0 1.0 5.0 1.0 5.0 3.0 2.0 0.0 3.0 3.0 5.0 6.0
p353 3.0 0.0 4.0 1.0 6.0 1.0 2.0 4.0 5.0 6.0 1.0 5.0 1.0 2.0 2.0 3.0 2.0 1.0 5.0 1.0 5.0 2.0 1.0 1.0 5.0 5.0 2.0 5.0 2.0 2.0 0.0 0.0 0.0 0.0 2.0 6.0 4.0 0.0 2.0 3.0 4.0 1.0 6.0 6.0 1.0 6.0 2.0 2.0
p354 5.0 6.0 1.0 5.0 3.0 4.0 4.0 2.0 4.0 3.0 5.0 1.0 2.0 2.0 2.0 0.0 1.0 4.0 0.0 0.0 5.0 4.0 1.0 3.0 1.0 3.0 2.0 0.0 5.0 6.0 1.0 0.0 6.0 3.0 6.0 0.0 2.0 1.0 2.0 5.0 4.0 6.0 5.0 5.0 4.0 2.0 2.0 4.0
p355 1.0 6.0 3.0 2.0 5.0 6.0 6.0 1.0 6.0 1.0 1.0 6.0 4.0 6.0 1.0 1.0 6.0 3.0 1.0 3.0 5.0 1.0 4.0 1.0 6.0 6.0 0.0 3.0 6.0 2.0 3.0 2.0 2.0 4.0 1.0 4.0 2.0 1.0 3.0 3.0 1.0 5.0 0.0 2.0 1.0 1.0 5.0 4.0
p356 4.0 5.0 2.0 4.0 4.0 5.0 5.0 1.0 0.0 4.0 4.0 0.0 2.0 1.0 2.0 3.0 0.0 6.0 4.0 6.0 0.0 4.0 2.0 3.0 0.0 5.0 0.0 0.0 4.0 4.0 1.0 4.0 2.0 1.0 6.0 0.0 3.0 3.0 2.0 3.0 0.0 0.0 1.0 4.0 6.0 4.0 1.0 5.0
p357 4.0 1.0 6.0 3.0 3.0 6.0 1.0 2.0 6.0 6.0 0.0 3.0 4.0 5.0 0.0 5.0 1.0 6.0 1.0 0.0 4.0 2.0 5.0 4.0 6.0 2.0 2.0 3.0 3.0 6.0 5.0 3.0 1.0 2.0 0.0 4.0 3.0 0.0 6.0 0.0 3.0 1.0 3.0 0.0 3.0 1.0 5.0 3.0
p358 1.0 0.0 1.0 4.0 6.0 6.0 0.0 1.0 0.0 2.0 3.0 0.0 1.0 1.0 5.0 2.0 4.0 4.0 6.0 4.0 0.0 4.0 5.0 4.0 3.0 4.0 6.0 4.0 2.0 3.0 5.0 0.0 0.0 4.0 6.0 4.0 5.0 3.0 1.0 4.0 5.0 5.0 3.0 2.0 2.0 6.0 6.0 2.0
p359 5.0 0.0 6.0 6.0 3.0 1.0 4.0 4.0 0.0 5.0 1.0 0.0 0.0 6.0 4.0 3.0 2.0 5.0 1.0 0.0 0.0 4.0 6.0 0.0 4.0 1.0 2.0 0.0 3.0 4.0 4.0 4.0 0.0 3.0 1.0 5.0 2.0 6.0 5.0 2.0 1.0 1.0 5.0 5.0 4.0 1.0 4.0 2.0
p360 0.0 1.0 2.0 3.0 3.0 5.0 1.0 5.0 5.0 6.0 4.0 2.0 0.0 1.0 0.0 3.0 2.0 4.0 6.0 3.0 0.0 1.0 6.0 0.0 2.0 3.0 0.0 4.0 3.0 1.0 3.0 4.0 6.0 0.0 3.0 5.0 2.0 3.0 3.0 3.0 1.0 1.0 4.0 1.0 0.0 3.0 2.0 2.0
p361 0.0 0.0 1.0 1.0 6.0 0.0 3.0 1.0 1.0 2.0 4.0 4.0 2.0 0.0 1.0 1.0 3.0 2.0 6.0 3.0 0.0 6.0 1.0 2.0 0.0 3.0 2.0 3.0 1.0 6.0 2.0 1.0 0.0 3.0 4.0 2.0 6.0 5.0 1.0 5.0 4.0 3.0 4.0 3.0 0.0 0.0 2.0 5.0
p362 5.0 3.0 1.0 5.0 0.0 0.0 1.0 1.0 1.0 4.0 2.0 1.0 3.0 5.0 0.0 3.0 6.0 0.0 2.0 2.0 2.0 1.0 2.0 5.0 5.0 2.0 4.0 1.0 5.0 6.0 2.0 1.0 1.0 6.0 3.0 6.0 5.0 1.0 6.0 2.0 1.0 1.0 1.0 5.0 3.0 4.0 2.0 2.0
p363 5.0 3.0 2.0 0.0 6.0 1.0 2.0 6.0 4.0 3.0 5.0 2.0 2.0 6.0 1.0 5.0 4.0 2.0 6.0 5.0 2.0 5.0 0.0 1.0 5.0 4.0 5.0 0.0 4.0 1.0 0.0 0.0 1.0 3.0 3.0 5.0 1.0 2.0 3.0 0.0 5.0 1.0 1.0 3.0 0.0 4.0 1.0 4.0
p364 0.0 6.0 6.0 6.0 2.0 5.0 1.0 0.0 1.0 5.0 1.0 2.0 5.0 3.0 0.0 1.0 3.0 6.0 5.0 0.0 6.0 1.0 6.0 2.0 3.0 0.0 4.0 6.0 1.0 1.0 6.0 1.0 2.0 2.0 5.0 4.0 0.0 1.0 1.0 5.0 0.0 0.0 3.0 6.0 1.0 3.0 1.0 6.0
p365 3.0 3.0 1.0 0.0 6.0 6.0 2.0 0.0 0.0 3.0 6.0 1.0 5.0 6.0 2.0 0.0 2.0 6.0 4.0 6.0 3.0 2.0 3.0 2.0 0.0 5.0 6.0 1.0 3.0 1.0 0.0 6.0 2.0 3.0 3.0 6.0 0.0 1.0 5.0 0.0 6.0 0.0 5.0 5.0 2.0 3.0 0.0 0.0
p366 4.0 2.0 1.0 3.0 2.0 3.0 1.0 4.0 5.0 2.0 4.0 3.0 1.0 1.0 0.0 3.0 3.0 0.0 0.0 4.0 2.0 3.0 4.0 4.0 6.0 1.0 5.0 1.0 0.0 5.0 3.0 4.0 0.0 2.0 5.0 5.0 4.0 4.0 0.0 4.0 3.0 4.0 0.0 0.0 0.0 2.0 4.0 3.0
p367 0.0 6.0 3.0 3.0 3.0 1.0 1.0 0.0 0.0 4.0 3.0 0.0 2.0 5.0 3.0 5.0 0.0 1.0 0.0 1.0 1.0 1.0 0.0 2.0 4.0 2.0 2.0 6.0 5.0 0.0 3.0 6.0 0.0 4.0 4.0 5.0 3.0 6.0 1.0 2.0 3.0 2.0 5.0 2.0 4.0 3.0 5.0 2.0
p368 0.0 2.0 5.0 1.0 0.0 6.0 0.0 3.0 0.0 4.0 4.0 5.0 2.0 3.0 5.0 0.0 0.0 5.0 6.0 2.0 2.0 1.0 4.0 6.0 2.0 2.0 2.0 3.0 1.0 2.0 5.0 3.0 1.0 6.0 1.0 5.0 2.0 0.0 2.0 6.0 1.0 2.0 6.0 2.0 4.0 3.0 4.0 4.0
p369 3.0 3.0 4.0 4.0 3.0 0.0 5.0 5.0 1.0 2.0 3.0 2.0 3.0 4.0 0.0 0.0 3.0 6.0 3.0 3.0 0.0 3.0 1.0 0.0 2.0 6.0 4.0 1.0 4.0 2.0 0.0 3.0 1.0 2.0 0.0 5.0 0.0 1.0 6.0 4.0 5.0 6.0 5.0 1.0 6.0 5.0 2.0 0.0
p370 5.0 1.0 3.0 5.0 0.0 2.0 0.0 2.0 2.0 1.0 5.0 3.0 0.0 0.0 1.0 0.0 0.0 0.0 3.0 3.0 5.0 4.0 0.0 6.0 0.0 2.0 5.0 3.0 5.0 5.0 0.0 6.0 6.0 6.0 2.0 3.0 0.0 3.0 1.0 2.0 5.0 1.0 0.0 4.0 3.0 3.0 4.0 5.0
p371 3.0 2.0 1.0 1.0 4.0 4.0 6.0 4.0 1.0 4.0 1.0 2.0 2.0 0.0 5.0 1.0 5.0 6.0 6.0 0.0 0.0 2.0 4.0 5.0 1.0 3.0 6.0 2.0 3.0 6.0 0.0 3.0 1.0 2.0 0.0 1.0 6.0 5.0 4.0 6.0 2.0 4.0 2.0 3.0 1.0 6.0 3.0 3.0
p372 2.0 0.0 6.0 3.0 0.0 5.0 3.0 1.0 0.0 2.0 4.0 3.0 1.0 3.0 3.0 0.0 3.0 6.0 6.0 2.0 3.0 3.0 3.0 5.0 4.0 0.0 1.0 0.0 2.0 3.0 5.0 0.0 0.0 5.0 6.0 0.0 5.0 1.0 6.0 0.0 1.0 2.0 6.0 2.0 2.0 0.0 0.0 6.0
p373 5.0 4.0 3.0 0.0 2.0 5.0 2.0 2.0 3.0 1.0 3.0 3.0 2.0 2.0 2.0 4.0 5.0 4.0 6.0 2.0 5.0 1.0 6.0 2.0 5.0 6.0 0.0 5.0 2.0 6.0 2.0 5.0 2.0 1.0 6.0 1.0 1.0 0.0 1.0 5.0 3.0 2.0 5.0 3.0 3.0 2.0 6.0 6.0
p374 3.0 3.0 1.0 1.0 1.0 4.0 0.0 4.0 1.0 5.0 0.0 4.0 1.0 0.0 1.0 1.0 0.0 5.0 1.0 2.0 1.0 6.0 4.0 1.0 1.0 1.0 2.0 5.0 0.0 1.0 0.0 4.0 3.0 3.0 4.0 0.0 3.0 1.0 4.0 4.0 4.0 3.0 1.0 1.0 4.0 2.0 6.0 0.0
p375 0.0 5.0 2.0 5.0 1.0 0.0 6.0 0.0 2.0 0.0 6.0 0.0 5.0 4.0 1.0 1.0 2.0 5.0 5.0 2.0 2.0 0.0 3.0 5.0 0.0 2.0 0.0 0.0 1.0 4.0 4.0 0.0 1.0 5.0 1.0 4.0 3.0 0.0 2.0 3.0 4.0 2.0 6.0 5.0 1.0 2.0 1.0 1.0
p376 5.0 6.0 6.0 3.0 5.0 5.0 4.0 0.0 6.0 5.0 1.0 4.0 6.0 4.0 3.0 0.0 1.0 3.0 2.0 5.0 2.0 4.0 5.0 6.0 1.0 0.0 6.0 4.0 4.0 3.0 2.0 4.0 1.0 0.0 6.0 4.0 6.0 2.0 3.0 1.0 3.0 4.0 4.0 6.0 6.0 1.0 6.0 0.0
p377 0.0 0.0 3.0 4.0 3.0 3.0 2.0 0.0 0.0 4.0 5.0 4.0 1.0 3.0 1.0 3.0 6.0 6.0 2.0 0.0 3.0 0.0 6.0 0.0 1.0 0.0 0.0 0.0 5.0 0.0 2.0 5.0 6.0 3.0 1.0 0.0 0.0 2.0 6.0 1.0 4.0 2.0 6.0 0.0 6.0 1.0 5.0 1.0
p378 5.0 2.0 2.0 4.0 0.0 3.0 0.0 2.0 6.0 2.0 4.0 0.0 0.0 2.0 0.0 3.0 3.0 2.0 1.0 2.0 5.0 1.0 0.0 0.0 0.0 1.0 3.0 1.0 4.0 2.0 6.0 1.0 3.0 5.0 6.0 3.0 6.0 5.0 0.0 0.0 3.0 1.0 4.0 0.0 2.0 5.0 1.0 3.0
p379 6.0 6.0 4.0 2.0 1.0 3.0 0.0 5.0 0.0 2.0 0.0 6.0 3.0 1.0 5.0 5.0 6.0 0.0 2.0 2.0 1.0 3.0 3.0 2.0 3.0 2.0 6.0 0.0 1.0 2.0 4.0 4.0 4.0 4.0 1.0 1.0 0.0 5.0 2.0 1.0 4.0 5.0 1.0 2.0 2.0 3.0 2.0 3.0
p380 0.0 1.0 0.0 3.0 0.0 4.0 4.0 3.0 1.0 3.0 1.0 5.0 6.0 2.0 1.0 2.0 1.0 2.0 2.0 4.0 2.0 1.0 0.0 4.0 4.0 1.0 2.0 2.0 0.0 3.0 0.0 4.0 2.0 2.0 1.0 3.0 6.0 1.0 5.0 6.0 5.0 3.0 2.0 4.0 6.0 2.0 6.0 0.0
p381 3.0 6.0 2.0 2.0 5.0 0.0 1.0 5.0 6.0 0.0 5.0 0.0 1.0 5.0 5.0 1.0 5.0 1.0 2.0 5.0 1.0 6.0 2.0 6.0 4.0 6.0 4.0 3.0 6.0 3.0 5.0 4.0 5.0 3.0 2.0 4.0 2.0 6.0 1.0 0.0 0.0 4.0 4.0 5.0 1.0 6.0 2.0 4.0
p382 2.0 2.0 1.0 4.0 3.0 3.0 6.0 5.0 3.0 3.0 5.0 2.0 3.0 1.0 4.0 3.0 0.0 4.0 3.0 3.0 6.0 3.0 1.0 0.0 4.0 6.0 5.0 6.0 2.0 1.0 2.0 3.0 0.0 6.0 0.0 1.0 1.0 3.0 0.0 4.0 3.0 2.0 0.0 3.0 0.0 2.0 1.0 5.0
p383 6.0 3.0 4.0 6.0 1.0 6.0 5.0 0.0 2.0 6.0 6.0 3.0 0.0 3.0 0.0 2.0 3.0 6.0 3.0 1.0 6.0 2.0 5.0 4.0 3.0 5.0 6.0 4.0 2.0 5.0 3.0 0.0 2.0 5.0 0.0 6.0 0.0 6.0 2.0 3.0 1.0 0.0 5.0 5.0 6.0 3.0 3.0 0.0
p384 5.0 4.0 2.0 4.0 5.0 1.0 3.0 3.0 6.0 0.0 2.0 1.0 2.0 5.0 3.0 5.0 0.0 1.0 0.0 1.0 0.0 0.0 5.0 6.0 3.0 0.0 4.0 2.0 2.0 6.0 0.0 0.0 3.0 3.0 5.0 3.0 1.0 5.0 6.0 6.0 4.0 1.0 4.0 1.0 6.0 0.0 0.0 6.0
p385 4.0 1.0 0.0 4.0 3.0 5.0 4.0 2.0 2.0 5.0 3.0 1.0 4.0 2.0 3.0 1.0 2.0 5.0 1.0 6.0 6.0 6.0 1.0 5.0 6.0 6.0 6.0 5.0 4.0 4.0 1.0 2.0 0.0 6.0 0.0 1.0 5.0 4.0 3.0 0.0 3.0 1.0 5.0 1.0 1.0 1.0 6.0 1.0
p386 4.0 0.0 3.0 3.0 4.0 0.0 1.0 4.0 0.0 6.0 5.0 0.0 4.0 3.0 3.0 3.0 1.0 4.0 2.0 4.0 5.0 4.0 0.0 5.0 5.0 5.0 0.0 1.0 4.0 3.0 3.0 4.0 2.0 2.0 2.0 0.0 1.0 4.0 6.0 2.0 3.0 3.0 1.0 3.0 3.0 1.0 3.0 3.0
p387 6.0 6.0 4.0 3.0 2.0 3.0 5.0 0.0 5.0 0.0 2.0 6.0 4.0 3.0 5.0 4.0 4.0 3.0 1.0 2.0 0.0 4.0 2.0 2.0 5.0 3.0 4.0 1.0 4.0 2.0 3.0 5.0 4.0 5.0 5.0 3.0 6.0 3.0 0.0 0.0 0.0 4.0 0.0 4.0 2.0 4.0 3.0 3.0
p388 0.0 2.0 3.0 2.0 6.0 2.0 0.0 3.0 5.0 1.0 4.0 0.0 5.0 6.0 2.0 2.0 4.0 4.0 6.0 5.0 2.0 0.0 3.0 2.0 0.0 1.0 3.0 5.0 4.0 0.0 6.0 6.0 5.0 3.0 5.0 5.0 3.0 5.0 6.0 1.0 3.0 2.0 4.0 1.0 2.0 0.0 4.0 6.0
p389 5.0 5.0 6.0 0.0 0.0 2.0 3.0 0.0 4.0 4.0 3.0 2.0 2.0 6.0 0.0 3.0 2.0 4.0 1.0 1.0 0.0 3.0 0.0 0.0 0.0 6.0 3.0 5.0 6.0 6.0 1.0 3.0 1.0 1.0 1.0 4.0 2.0 2.0 4.0 3.0 3.0 1.0 3.0 4.0 2.0 5.0 1.0 1.0
p390 5.0 1.0 2.0 4.0 4.0 1.0 5.0 1.0 2.0 3.0 2.0 1.0 1.0 5.0 5.0 2.0 0.0 6.0 1.0 3.0 2.0 4.0 1.0 5.0 2.0 6.0 1.0 6.0 4.0 5.0 5.0 6.0 4.0 6.0 4.0 2.0 1.0 2.0 1.0 4.0 5.0 2.0 4.0 5.0 5.0 0.0 4.0 2.0
p391 0.0 5.0 1.0 6.0 0.0 3.0 0.0 0.0 2.0 2.0 1.0 0.0 5.0 3.0 3.0 2.0 3.0 3.0 2.0 3.0 1.0 1.0 5.0 4.0 0.0 3.0 1.0 5.0 1.0 1.0 6.0 1.0 0.0 6.0 2.0 2.0 5.0 4.0 6.0 6.0 5.0 4.0 4.0 2.0 6.0 5.0 5.0 6.0
p392 5.0 6.0 2.0 4.0 2.0 1.0 3.0 4.0 3.0 3.0 1.0 2.0 3.0 5.0 2.0 6.0 6.0 4.0 2.0 2.0 6.0 0.0 1.0 1.0 6.0 1.0 2.0 0.0 6.0 1.0 5.0 4.0 6.0 3.0 5.0 0.0 0.0 0.0 6.0 3.0 6.0 6.0 0.0 3.0 5.0 0.0 3.0 4.0
p393 2.0 2.0 4.0 6.0 6.0 4.0 0.0 4.0 1.0 6.0 0.0 0.0 5.0 6.0 5.0 4.0 1.0 5.0 4.0 2.0 2.0 5.0 0.0 0.0 6.0 3.0 0.0 3.0 2.0 1.0 0.0 2.0 3.0 0.0 1.0 4.0 1.0 3.0 1.0 0.0 6.0 2.0 3.0 1.0 0.0 0.0 1.0 1.0
p394 0.0 6.0 3.0 5.0 1.0 2.0 6.0 0.0 3.0 3.0 6.0 5.0 4.0 3.0 4.0 0.0 4.0 3.0 3.0 5.0 3.0 0.0 1.0 4.0 1.0 3.0 1.0 4.0 5.0 6.0 2.0 2.0 2.0 2.0 2.0 1.0 6.0 2.0 5.0 5.0 3.0 4.0 3.0 6.0 4.0 1.0 4.0 6.0
p395 0.0 1.0 5.0 3.0 0.0 2.0 4.0 4.0 3.0 4.0 2.0 0.0 1.0 0.0 6.0 1.0 1.0 4.0 3.0 3.0 2.0 6.0 5.0 3.0 6.0 6.0 4.0 6.0 3.0 0.0 1.0 3.0 1.0 3.0 5.0 0.0 5.0 2.0 0.0 4.0 3.0 1.0 2.0 4.0 0.0 2.0 0.0 3.0
p396 1.0 5.0 0.0 4.0 3.0 2.0 1.0 4.0 5.0 4.0 2.0 6.0 4.0 5.0 0.0 3.0 6.0 0.0 5.0 0.0 3.0 1.0 4.0 5.0 5.0 5.0 2.0 6.0 2.0 0.0 4.0 3.0 5.0 1.0 5.0 3.0 4.0 4.0 4.0 2.0 3.0 4.0 1.0 1.0 0.0 6.0 6.0 1.0
p397 0.0 3.0 5.0 2.0 2.0 4.0 4.0 4.0 2.0 6.0 0.0 5.0 5.0 1.0 3.0 1.0 1.0 1.0 4.0 6.0 3.0 2.0 3.0 3.0 5.0 4.0 4.0 4.0 1.0 4.0 3.0 0.0 3.0 3.0 2.0 2.0 6.0 6.0 5.0 0.0 3.0 0.0 3.0 0.0 0.0 1.0 6.0 5.0
p398 4.0 4.0 0.0 3.0 1.0 4.0 5.0 0.0 3.0 0.0 2.0 4.0 3.0 3.0 3.0 1.0 5.0 4.0 5.0 6.0 4.0 4.0 3.0 5.0 4.0 6.0 6.0 3.0 0.0 1.0 1.0 3.0 5.0 5.0 3.0 1.0 6.0 0.0 6.0 3.0 3.0 4.0 0.0 4.0 2.0 5.0 2.0 5.0
p399 0.0 2.0 5.0 6.0 1.0 6.0 6.0 1.0 2.0 3.0 4.0 1.0 0.0 3.0 0.0 5.0 4.0 2.0 3.0 5.0 2.0 1.0 5.0 1.0 4.0 2.0 5.0 1.0 4.0 4.0 2.0 6.0 2.0 2.0 0.0 5.0 0.0 4.0 0.0 0.0 2.0 4.0 6.0 4.0 5.0 1.0 3.0 0.0
p400 5.0 1.0 3.0 3.0 1.0 5.0 2.0 3.0 0.0 5.0 4.0 1.0 0.0 2.0 6.0 0.0 4.0 6.0 3.0 5.0 0.0 5.0 3.0 0.0 5.0 5.0 0.0 1.0 0.0 3.0 0.0 5.0 4.0 1.0 0.0 3.0 1.0 2.0 0.0 5.0 1.0 4.0 0.0 1.0 1.0 4.0 2.0 3.0
p401 0.0 6.0 6.0 3.0 3.0 3.0 0.0 0.0 3.0 5.0 4.0 2.0 0.0 0.0 3.0 2.0 3.0 6.0 6.0 6.0 1.0 3.0 3.0 2.0 6.0 0.0 3.0 3.0 0.0 1.0 3.0 5.0 4.0 5.0 0.0 5.0 5.0 2.0 6.0 2.0 2.0 2.0 2.0 4.0 3.0 6.0 0.0 3.0
p402 1.0 0.0 6.0 1.0 6.0 0.0 4.0 0.0 3.0 0.0 6.0 3.0 4.0 1.0 6.0 3.0 3.0 6.0 1.0 3.0 1.0 1.0 6.0 0.0 1.0 5.0 0.0 1.0 1.0 5.0 0.0 6.0 6.0 1.0 6.0 0.0 5.0 4.0 6.0 2.0 6.0 6.0 2.0 4.0 1.0 0.0 4.0 2.0
p403 5.0 0.0 1.0 5.0 3.0 4.0 0.0 2.0 4.0 3.0 0.0 0.0 1.0 2.0 0.0 4.0 6.0 2.0 2.0 4.0 0.0 3.0 6.0 2.0 3.0 1.0 2.0 0.0 6.0 1.0 1.0 6.0 4.0 0.0 0.0 3.0 1.0 5.0 2.0 0.0 5.0 3.0 6.0 1.0 3.0 1.0 3.0 3.0
p404 6.0 4.0 0.0 1.0 4.0 5.0 2.0 5.0 2.0 0.0 6.0 5.0 4.0 5.0 3.0 4.0 4.0 4.0 4.0 3.0 2.0 6.0 6.0 1.0 2.0 0.0 2.0 0.0 3.0 6.0 3.0 0.0 2.0 6.0 2.0 5.0 5.0 2.0 4.0 0.0 6.0 6.0 1.0 2.0 2.0 2.0 3.0 4.0
p405 5.0 6.0 1.0 3.0 4.0 2.0 1.0 2.0 1.0 5.0 3.0 6.0 2.0 1.0 3.0 0.0 4.0 2.0 0.0 2.0 3.0 3.0 4.0 4.0 3.0 4.0 2.0 1.0 6.0 5.0 3.0 3.0 4.0 6.0 0.0 0.0 2.0 0.0 3.0 1.0 2.0 5.0 0.0 1.0 6.0 6.0 0.0 2.0
p406 2.0 4.0 3.0 4.0 0.0 1.0 5.0 4.0 3.0 3.0 4.0 5.0 4.0 4.0 3.0 3.0 2.0 6.0 5.0 5.0 6.0 4.0 1.0 0.0 3.0 2.0 1.0 0.0 6.0 3.0 5.0 0.0 6.0 6.0 3.0 1.0 1.0 0.0 6.0 3.0 0.0 2.0 6.0 0.0 2.0 2.0 0.0 1.0
p407 2.0 2.0 1.0 3.0 3.0 3.0 2.0 3.0 1.0 5.0 3.0 3.0 2.0 0.0 6.0 2.0 2.0 0.0 1.0 0.0 5.0 1.0 5.0 3.0 6.0 0.0 2.0 1.0 0.0 0.0 4.0 0.0 5.0 5.0 4.0 1.0 4.0 1.0 5.0 5.0 1.0 4.0 0.0 6.0 2.0 1.0 0.0 6.0
p408 0.0 6.0 3.0 1.0 2.0 6.0 6.0 3.0 5.0 1.0 4.0 4.0 6.0 2.0 1.0 2.0 6.0 5.0 0.0 2.0 2.0 4.0 2.0 6.0 1.0 3.0 2.0 4.0 0.0 2.0 0.0 3.0 0.0 1.0 6.0 2.0 4.0 2.0 2.0 5.0 2.0 2.0 0.0 5.0 2.0 2.0 2.0 2.0
p409 3.0 1.0 0.0 3.0 5.0 0.0 4.0 2.0 5.0 3.0 3.0 1.0 1.0 6.0 2.0 6.0 3.0 6.0 1.0 4.0 6.0 1.0 1.0 3.0 2.0 6.0 1.0 3.0 3.0 4.0 4.0 2.0 1.0 5.0 5.0 5.0 5.0 0.0 3.0 5.0 5.0 4.0 4.0 1.0 4.0 5.0 4.0 3.0
p410 0.0 3.0 5.0 4.0 5.0 0.0 6.0 3.0 6.0 6.0 6.0 2.0 2.0 6.0 5.0 4.0 5.0 3.0 1.0 4.0 2.0 3.0 2.0 2.0 5.0 4.0 0.0 2.0 1.0 3.0 1.0 0.0 6.0 4.0 1.0 3.0 2.0 3.0 3.0 0.0 6.0 0.0 6.0 5.0 5.0 2.0 3.0 3.0
p411 0.0 3.0 2.0 0.0 5.0 1.0 4.0 2.0 3.0 6.0 0.0 5.0 0.0 5.0 6.0 1.0 4.0 1.0 3.0 1.0 5.0 3.0 2.0 2.0 5.0 6.0 3.0 2.0 6.0 2.0 3.0 0.0 5.0 6.0 1.0 2.0 6.0 1.0 5.0 6.0 2.0 4.0 5.0 3.0 4.0 1.0 3.0 0.0
p412 4.0 3.0 6.0 5.0 6.0 5.0 1.0 5.0 3.0 0.0 1.0 1.0 6.0 6.0 2.0 0.0 2.0 4.0 4.0 6.0 5.0 6.0 3.0 0.0 1.0 1.0 4.0 0.0 3.0 4.0 0.0 3.0 2.0 1.0 5.0 2.0 4.0 3.0 0.0 2.0 6.0 0.0 1.0 4.0 5.0 5.0 1.0 4.0
p413 1.0 0.0 6.0 3.0 3.0 1.0 5.0 1.0 5.0 6.0 4.0 2.0 4.0 0.0 0.0 5.0 6.0 1.0 4.0 5.0 2.0 5.0 1.0 5.0 0.0 4.0 4.0 0.0 1.0 3.0 4.0 3.0 2.0 0.0 5.0 1.0 5.0 2.0 0.0 0.0 5.0 5.0 1.0 1.0 2.0 5.0 4.0 1.0
p414 1.0 5.0 5.0 0.0 4.0 0.0 0.0 4.0 2.0 3.0 2.0 0.0 3.0 0.0 4.0 0.0 1.0 1.0 5.0 0.0 5.0 1.0 1.0 1.0 1.0 0.0 0.0 5.0 0.0 3.0 3.0 0.0 3.0 5.0 3.0 2.0 0.0 0.0 2.0 4.0 6.0 6.0 3.0 3.0 0.0 0.0 4.0 1.0
p415 5.0 2.0 1.0 0.0 5.0 6.0 4.0 4.0 2.0 5.0 1.0 3.0 3.0 2.0 4.0 6.0 0.0 3.0 1.0 3.0 0.0 3.0 3.0 4.0 0.0 5.0 3.0 0.0 4.0 5.0 0.0 0.0 1.0 0.0 1.0 1.0 0.0 0.0 2.0 0.0 2.0 6.0 4.0 6.0 1.0 1.0 6.0 3.0
p416 6.0 4.0 6.0 5.0 1.0 3.0 4.0 2.0 6.0 1.0 1.0 4.0 2.0 1.0 1.0 5.0 0.0 5.0 6.0 2.0 4.0 0.0 0.0 6.0 5.0 3.0 2.0 0.0 2.0 0.0 1.0 2.0 3.0 5.0 5.0 1.0 3.0 2.0 1.0 0.0 0.0 1.0 5.0 6.0 4.0 0.0 1.0 5.0
p417 1.0 5.0 0.0 4.0 4.0 6.0 0.0 3.0 0.0 4.0 2.0 2.0 1.0 6.0 1.0 5.0 3.0 2.0 2.0 4.0 0.0 3.0 5.0 0.0 3.0 1.0 0.0 1.0 0.0 5.0 4.0 0.0 2.0 5.0 1.0 6.0 4.0 1.0 4.0 6.0 6.0 2.0 4.0 1.0 0.0 6.0 1.0 5.0
p418 1.0 4.0 4.0 2.0 3.0 3.0 5.0 2.0 6.0 0.0 2.0 2.0 3.0 2.0 6.0 2.0 2.0 4.0 0.0 3.0 0.0 4.0 1.0 5.0 6.0 0.0 0.0 3.0 2.0 0.0 4.0 1.0 5.0 0.0 4.0 1.0 2.0 1.0 6.0 4.0 4.0 3.0 2.0 1.0 1.0 0.0 0.0 0.0
p419 0.0 4.0 5.0 6.0 6.0 2.0 2.0 6.0 4.0 2.0 1.0 4.0 6.0 0.0 4.0 2.0 1.0 0.0 5.0 5.0 2.0 1.0 3.0 0.0 1.0 0.0 0.0 3.0 2.0 2.0 0.0 2.0 1.0 2.0 0.0 0.0 0.0 4.0 2.0 0.0 2.0 5.0 4.0 6.0 3.0 1.0 2.0 2.0
p420 2.0 4.0 0.0 2.0 4.0 1.0 6.0 3.0 4.0 5.0 2.0 5.0 6.0 0.0 1.0 0.0 6.0 4.0 1.0 4.0 2.0 6.0 0.0 3.0 3.0 2.0 3.0 4.0 2.0 2.0 0.0 3.0 3.0 4.0 6.0 4.0 3.0 1.0 2.0 5.0 5.0 1.0 5.0 6.0 2.0 2.0 0.0 5.0
p421 3.0 1.0 2.0 2.0 3.0 2.0 0.0 6.0 0.0 3.0 5.0 2.0 5.0 4.0 0.0 2.0 1.0 6.0 0.0 4.0 3.0 0.0 4.0 0.0 6.0 0.0 1.0 5.0 3.0 5.0 4.0 0.0 2.0 3.0 5.0 0.0 3.0 1.0 5.0 1.0 3.0 2.0 1.0 0.0 5.0 6.0 6.0 2.0
p422 4.0 0.0 4.0 5.0 4.0 0.0 6.0 3.0 1.0 2.0 6.0 1.0 0.0 0.0 5.0 4.0 1.0 0.0 5.0 6.0 0.0 5.0 3.0 2.0 0.0 6.0 0.0 1.0 6.0 4.0 5.0 1.0 2.0 3.0 6.0 6.0 0.0 6.0 2.0 5.0 6.0 1.0 2.0 2.0 0.0 1.0 2.0 5.0
p423 1.0 6.0 1.0 5.0 0.0 1.0 5.0 4.0 1.0 5.0 1.0 6.0 4.0 3.0 6.0 1.0 4.0 0.0 4.0 4.0 5.0 1.0 3.0 1.0 1.0 2.0 1.0 0.0 5.0 3.0 1.0 2.0 0.0 4.0 6.0 0.0 1.0 3.0 0.0 3.0 2.0 4.0 0.0 3.0 5.0 2.0 5.0 1.0
p424 2.0 0.0 0.0 2.0 1.0 0.0 0.0 1.0 3.0 3.0 3.0 3.0 3.0 3.0 3.0 1.0 1.0 3.0 6.0 3.0 2.0 1.0 3.0 1.0 1.0 1.0 5.0 1.0 5.0 0.0 4.0 1.0 5.0 6.0 4.0 5.0 0.0 5.0 4.0 2.0 5.0 6.0 4.0 1.0 3.0 3.0 0.0 2.0
p425 2.0 5.0 2.0 2.0 0.0 0.0 1.0 5.0 4.0 6.0 4.0 1.0 4.0 2.0 4.0 0.0 4.0 6.0 2.0 1.0 2.0 3.0 5.0 0.0 6.0 1.0 1.0 3.0 3.0 5.0 4.0 3.0 0.0 6.0 0.0 2.0 1.0 1.0 0.0 1.0 0.0 1.0 3.0 3.0 0.0 0.0 4.0 1.0
p426 4.0 3.0 3.0 5.0 5.0 0.0 4.0 0.0 6.0 6.0 4.0 5.0 4.0 3.0 4.0 2.0 1.0 3.0 0.0 0.0 1.0 1.0 3.0 4.0 6.0 2.0 4.0 5.0 0.0 3.0 3.0 6.0 3.0 5.0 3.0 5.0 6.0 0.0 1.0 2.0 3.0 3.0 2.0 1.0 5.0 5.0 4.0 2.0
p427 6.0 4.0 4.0 1.0 6.0 6.0 4.0 3.0 4.0 3.0 3.0 5.0 2.0 0.0 0.0 6.0 5.0 0.0 3.0 0.0 1.0 4.0 0.0 5.0 6.0 3.0 0.0 3.0 1.0 0.0 0.0 0.0 3.0 5.0 4.0 3.0 3.0 0.0 0.0 0.0 5.0 4.0 4.0 1.0 1.0 6.0 0.0 1.0
p428 3.0 1.0 6.0 0.0 3.0 2.0 4.0 2.0 2.0 5.0 5.0 6.0 1.0 4.0 1.0 4.0 6.0 1.0 6.0 2.0 2.0 2.0 0.0 6.0 3.0 2.0 2.0 0.0 3.0 4.0 6.0 6.0 5.0 1.0 1.0 0.0 1.0 0.0 0.0 2.0 2.0 2.0 4.0 0.0 1.0 1.0 6.0 1.0
p429 5.0 5.0 3.0 5.0 2.0 3.0 2.0 2.0 4.0 0.0 5.0 4.0 6.0 0.0 1.0 0.0 1.0 3.0 0.0 3.0 3.0 3.0 3.0 5.0 5.0 4.0 4.0 3.0 2.0 0.0 3.0 3.0 1.0 3.0 4.0 2.0 4.0 3.0 2.0 4.0 6.0 5.0 3.0 2.0 6.0 2.0 4.0 2.0
p430 5.0 0.0 2.0 0.0 4.0 5.0 1.0 4.0 0.0 2.0 0.0 3.0 2.0 1.0 6.0 3.0 1.0 5.0 1.0 1.0 3.0 0.0 3.0 1.0 4.0 5.0 1.0 6.0 6.0 3.0 4.0 4.0 6.0 6.0 4.0 1.0 5.0 5.0 4.0 5.0 0.0 0.0 6.0 2.0 1.0 1.0 0.0 5.0
p431 1.0 2.0 2.0 0.0 1.0 1.0 5.0 4.0 3.0 4.0 4.0 4.0 6.0 0.0 1.0 1.0 5.0 3.0 2.0 0.0 1.0 6.0 2.0 0.0 2.0 3.0 3.0 3.0 4.0 6.0 3.0 0.0 6.0 2.0 1.0 5.0 5.0 5.0 6.0 2.0 5.0 1.0 6.0 6.0 1.0 4.0 2.0 6.0
p432 4.0 5.0 6.0 3.0 4.0 6.0 4.0 1.0 0.0 2.0 6.0 6.0 2.0 1.0 4.0 1.0 5.0 4.0 5.0 2.0 0.0 2.0 5.0 0.0 6.0 5.0 4.0 3.0 3.0 5.0 2.0 3.0 2.0 4.0 4.0 6.0 1.0 6.0 4.0 1.0 0.0 2.0 4.0 5.0 2.0 4.0 5.0 0.0
p433 6.0 6.0 2.0 2.0 1.0 6.0 0.0 3.0 4.0 1.0 6.0 1.0 6.0 4.0 1.0 0.0 1.0 0.0 1.0 4.0 6.0 2.0 4.0 0.0 3.0 1.0 0.0 2.0 6.0 2.0 1.0 0.0 0.0 5.0 0.0 4.0 0.0 5.0 5.0 0.0 1.0 4.0 1.0 2.0 0.0 2.0 2.0 0.0
p434 5.0 5.0 2.0 3.0 4.0 6.0 4.0 3.0 4.0 0.0 3.0 2.0 3.0 4.0 2.0 2.0 3.0 2.0 1.0 6.0 0.0 0.0 1.0 6.0 4.0 5.0 1.0 6.0 2.0 1.0 0.0 5.0 4.0 2.0 2.0 3.0 2.0 3.0 4.0 0.0 2.0 2.0 1.0 2.0 4.0 3.0 1.0 1.0
p435 5.0 3.0 3.0 5.0 2.0 2.0 2.0 5.0 6.0 1.0 6.0 5.0 1.0 0.0 1.0 3.0 2.0 3.0 6.0 2.0 2.0 2.0 2.0 1.0 1.0 5.0 1.0 6.0 2.0 6.0 5.0 6.0 0.0 0.0 4.0 6.0 2.0 3.0 2.0 6.0 3.0 1.0 6.0 4.0 3.0 2.0 5.0 3.0
p436 0.0 3.0 4.0 2.0 5.0 4.0 4.0 1.0 1.0 2.0 3.0 1.0 5.0 4.0 3.0 0.0 0.0 0.0 3.0 6.0 0.0 5.0 1.0 6.0 4.0 0.0 3.0 4.0 6.0 1.0 1.0 3.0 2.0 6.0 4.0 1.0 0.0 5.0 0.0 4.0 4.0 6.0 0.0 2.0 5.0 0.0 0.0 5.0
p437 3.0 5.0 2.0 6.0 2.0 0.0 0.0 3.0 1.0 1.0 2.0 3.0 3.0 0.0 4.0 3.0 0.0 6.0 4.0 6.0 1.0 4.0 0.0 1.0 2.0 0.0 4.0 6.0 2.0 2.0 1.0 6.0 3.0 4.0 4.0 3.0 3.0 2.0 0.0 2.0 0.0 1.0 6.0 0.0 2.0 0.0 6.0 2.0
p438 0.0 2.0 5.0 0.0 1.0 4.0 0.0 0.0 5.0 3.0 3.0 4.0 0.0 1.0 5.0 3.0 2.0 3.0 0.0 6.0 1.0 1.0 4.0 1.0 1.0 3.0 1.0 0.0 4.0 6.0 6.0 6.0 1.0 2.0 0.0 4.0 5.0 4.0 5.0 4.0 3.0 5.0 5.0 4.0 4.0 0.0 3.0 1.0
p439 4.0 2.0 0.0 5.0 4.0 1.0 5.0 3.0 4.0 0.0 5.0 4.0 6.0 5.0 2.0 5.0 4.0 1.0 6.0 5.0 2.0 5.0 4.0 4.0 3.0 5.0 5.0 0.0 2.0 2.0 5.0 3.0 2.0 6.0 1.0 2.0 0.0 1.0 4.0 2.0 5.0 6.0 6.0 3.0 4.0 0.0 1.0 0.0
p440 3.0 6.0 6.0 2.0 4.0 0.0 1.0 3.0 6.0 0.0 0.0 2.0 5.0 1.0 1.0 3.0 2.0 2.0 1.0 0.0 0.0 2.0 4.0 3.0 2.0 1.0 3.0 1.0 4.0 2.0 1.0 5.0 6.0 6.0 1.0 6.0 1.0 0.0 0.0 1.0 0.0 1.0 1.0 6.0 3.0 2.0 5.0 5.0
p441 4.0 5.0 5.0 6.0 2.0 0.0 4.0 6.0 4.0 0.0 2.0 4.0 0.0 0.0 2.0 3.0 3.0 1.0 1.0 4.0 4.0 5.0 0.0 0.0 0.0 3.0 3.0 3.0 1.0 2.0 1.0 6.0 0.0 0.0 5.0 2.0 0.0 1.0 4.0 5.0 2.0 1.0 4.0 3.0 4.0 0.0 5.0 4.0
p442 4.0 5.0 0.0 5.0 6.0 0.0 1.0 5.0 1.0 2.0 5.0 2.0 2.0 2.0 3.0 2.0 6.0 3.0 2.0 5.0 5.0 0.0 2.0 3.0 5.0 3.0 2.0 2.0 2.0 3.0 5.0 0.0 5.0 5.0 6.0 4.0 4.0 0.0 1.0 4.0 3.0 2.0 2.0 5.0 5.0 1.0 1.0 1.0
p443 6.0 0.0 3.0 6.0 3.0 1.0 1.0 0.0 1.0 6.0 5.0 5.0 6.0 4.0 4.0 2.0 0.0 3.0 1.0 1.0 5.0 3.0 5.0 0.0 2.0 2.0 0.0 5.0 5.0 1.0 6.0 1.0 3.0 2.0 2.0 1.0 0.0 5.0 6.0 4.0 6.0 0.0 3.0 3.0 6.0 2.0 1.0 4.0
p444 1.0 5.0 6.0 4.0 0.0 5.0 3.0 6.0 2.0 5.0 5.0 4.0 1.0 5.0 2.0 1.0 0.0 3.0 6.0 2.0 6.0 5.0 5.0 3.0 4.0 0.0 5.0 4.0 6.0 4.0 6.0 0.0 2.0 4.0 1.0 5.0 6.0 0.0 3.0 1.0 0.0 2.0 6.0 6.0 4.0 1.0 5.0 3.0
p445 3.0 5.0 0.0 0.0 6.0 0.0 1.0 2.0 6.0 2.0 4.0 3.0 0.0 2.0 6.0 0.0 3.0 6.0 1.0 5.0 5.0 3.0 0.0 0.0 3.0 1.0 2.0 4.0 0.0 3.0 4.0 0.0 6.0 0.0 1.0 2.0 6.0 3.0 2.0 6.0 0.0 4.0 3.0 5.0 2.0 5.0 4.0 4.0
p446 4.0 3.0 5.0 3.0 3.0 4.0 3.0 0.0 3.0 0.0 1.0 5.0 0.0 6.0 5.0 4.0 2.0 5.0 1.0 4.0 3.0 6.0 2.0 5.0 1.0 6.0 3.0 6.0 2.0 6.0 6.0 5.0 5.0 4.0 3.0 1.0 0.0 2.0 5.0 1.0 2.0 2.0 5.0 2.0 4.0 1.0 1.0 2.0
p447 1.0 0.0 1.0 2.0 3.0 1.0 3.0 4.0 4.0 0.0 0.0 0.0 2.0 0.0 4.0 3.0 3.0 1.0 5.0 5.0 4.0 3.0 0.0 1.0 2.0 6.0 6.0 6.0 0.0 5.0 1.0 1.0 1.0 5.0 6.0 6.0 0.0 6.0 0.0 3.0 4.0 0.0 3.0 1.0 3.0 1.0 2.0 3.0
p448 3.0 6.0 0.0 0.0 5.0 2.0 1.0 0.0 3.0 2.0 1.0 1.0 5.0 6.0 6.0 5.0 5.0 3.0 1.0 3.0 2.0 5.0 1.0 0.0 4.0 0.0 4.0 0.0 5.0 4.0 4.0 0.0 4.0 4.0 1.0 0.0 5.0 5.0 4.0 3.0 0.0 0.0 4.0 0.0 2.0 6.0 5.0 2.0
p449 4.0 1.0 6.0 0.0 5.0 6.0 5.0 0.0 2.0 2.0 1.0 3.0 0.0 2.0 0.0 2.0 3.0 0.0 4.0 1.0 5.0 3.0 6.0 0.0 2.0 1.0 6.0 4.0 0.0 3.0 4.0 0.0 4.0 3.0 1.0 1.0 4.0 1.0 6.0 2.0 0.0 2.0 1.0 6.0 2.0 1.0 6.0 2.0
p450 0.0 5.0 1.0 6.0 3.0 0.0 5.0 5.0 0.0 6.0 3.0 0.0 4.0 4.0 6.0 6.0 3.0 1.0 2.0 0.0 0.0 1.0 5.0 3.0 4.0 5.0 0.0 2.0 1.0 0.0 5.0 0.0 0.0 4.0 5.0 4.0 0.0 0.0 0.0 6.0 5.0 2.0 4.0 4.0 2.0 6.0 0.0 2.0
p451 3.0 6.0 1.0 0.0 1.0 3.0 2.0 5.0 3.0 1.0 6.0 1.0 6.0 1.0 3.0 5.0 6.0 3.0 5.0 5.0 0.0 0.0 0.0 6.0 5.0 6.0 2.0 2.0 5.0 5.0 6.0 0.0 5.0 0.0 0.0 2.0 1.0 3.0 4.0 5.0 6.0 2.0 5.0 2.0 5.0 0.0 0.0 2.0
p452 4.0 5.0 0.0 6.0 3.0 2.0 0.0 0.0 1.0 2.0 5.0 5.0 0.0 1.0 3.0 0.0 5.0 1.0 6.0 2.0 1.0 3.0 4.0 0.0 4.0 6.0 3.0 0.0 4.0 2.0 3.0 4.0 5.0 2.0 5.0 1.0 6.0 0.0 0.0 0.0 5.0 5.0 2.0 2.0 2.0 0.0 4.0 3.0
p453 1.0 4.0 0.0 0.0 2.0 0.0 6.0 2.0 0.0 1.0 6.0 2.0 3.0 3.0 6.0 4.0 0.0 1.0 3.0 3.0 2.0 1.0 3.0 1.0 5.0 2.0 0.0 1.0 4.0 3.0 1.0 0.0 3.0 5.0 4.0 0.0 3.0 4.0 2.0 1.0 1.0 2.0 5.0 1.0 2.0 1.0 6.0 2.0
p454 0.0 5.0 5.0 0.0 3.0 5.0 6.0 0.0 2.0 4.0 2.0 1.0 4.0 4.0 3.0 6.0 6.0 5.0 0.0 0.0 0.0 1.0 3.0 6.0 5.0 1.0 3.0 6.0 6.0 6.0 2.0 1.0 0.0 5.0 3.0 5.0 1.0 2.0 3.0 3.0 6.0 1.0 4.0 3.0 2.0 5.0 1.0 6.0
p455 3.0 1.0 1.0 1.0 1.0 6.0 1.0 1.0 4.0 3.0 4.0 4.0 4.0 6.0 6.0 0.0 2.0 4.0 2.0 3.0 6.0 1.0 4.0 5.0 2.0 5.0 4.0 4.0 5.0 6.0 6.0 0.0 6.0 0.0 0.0 3.0 3.0 4.0 1.0 3.0 1.0 5.0 1.0 5.0 3.0 1.0 5.0 3.0
p456 0.0 2.0 0.0 1.0 3.0 1.0 2.0 1.0 0.0 6.0 3.0 1.0 1.0 1.0 5.0 1.0 6.0 0.0 4.0 2.0 4.0 5.0 1.0 3.0 4.0 5.0 1.0 0.0 1.0 0.0 2.0 3.0 5.0 1.0 1.0 2.0 5.0 0.0 5.0 4.0 3.0 2.0 2.0 3.0 6.0 1.0 6.0 1.0
p457 1.0 6.0 1.0 2.0 6.0 2.0 3.0 0.0 2.0 0.0 5.0 4.0 0.0 2.0 1.0 1.0 5.0 1.0 0.0 2.0 4.0 1.0 0.0 3.0 2.0 2.0 0.0 4.0 5.0 0.0 0.0 5.0 0.0 1.0 1.0 3.0 0.0 1.0 6.0 2.0 1.0 0.0 2.0 3.0 5.0 2.0 5.0 6.0
p458 5.0 1.0 3.0 3.0 4.0 6.0 6.0 2.0 5.0 1.0 6.0 3.0 2.0 3.0 0.0 3.0 0.0 1.0 4.0 3.0 2.0 5.0 3.0 1.0 5.0 1.0 2.0 0.0 1.0 0.0 3.0 0.0 2.0 4.0 6.0 1.0 0.0 0.0 0.0 2.0 4.0 4.0 4.0 2.0 5.0 3.0 3.0 5.0
p459 1.0 3.0 4.0 0.0 4.0 3.0 5.0 5.0 3.0 4.0 1.0 4.0 1.0 1.0 4.0 4.0 4.0 1.0 0.0 1.0 0.0 0.0 6.0 6.0 1.0 0.0 6.0 0.0 1.0 6.0 1.0 1.0 0.0 4.0 1.0 5.0 5.0 1.0 6.0 4.0 6.0 0.0 6.0 4.0 3.0 2.0 5.0 6.0
p460 2.0 1.0 2.0 5.0 2.0 0.0 0.0 0.0 4.0 1.0 0.0 3.0 3.0 5.0 5.0 3.0 3.0 0.0 0.0 5.0 6.0 0.0 3.0 2.0 1.0 4.0 2.0 3.0 3.0 2.0 5.0 4.0 2.0 3.0 1.0 1.0 4.0 2.0 0.0 4.0 6.0 2.0 5.0 2.0 4.0 0.0 2.0 1.0
p461 3.0 2.0 3.0 6.0 2.0 0.0 6.0 0.0 4.0 0.0 6.0 2.0 3.0 4.0 4.0 3.0 0.0 2.0 6.0 0.0 6.0 5.0 0.0 3.0 4.0 4.0 1.0 6.0 0.0 2.0 1.0 2.0 3.0 1.0 4.0 3.0 1.0 4.0 3.0 4.0 6.0 5.0 2.0 6.0 6.0 3.0 6.0 3.0
p462 3.0 0.0 4.0 1.0 2.0 0.0 0.0 6.0 6.0 4.0 0.0 4.0 1.0 3.0 3.0 0.0 1.0 4.0 4.0 3.0 2.0 0.0 6.0 1.0 4.0 0.0 0.0 1.0 3.0 3.0 1.0 0.0 3.0 6.0 6.0 0.0 3.0 4.0 1.0 0.0 6.0 3.0 2.0 0.0 0.0 0.0 1.0 3.0
p463 0.0 2.0 1.0 4.0 6.0 6.0 0.0 2.0 1.0 4.0 2.0 6.0 0.0 2.0 3.0 2.0 6.0 1.0 6.0 2.0 1.0 0.0 3.0 5.0 4.0 1.0 0.0 6.0 0.0 5.0 5.0 2.0 1.0 2.0 0.0 4.0 5.0 4.0 0.0 5.0 6.0 4.0 6.0 6.0 1.0 6.0 0.0 1.0
p464 3.0 3.0 4.0 2.0 5.0 6.0 1.0 4.0 4.0 5.0 3.0 4.0 0.0 5.0 1.0 0.0 0.0 4.0 5.0 0.0 2.0 5.0 5.0 6.0 2.0 3.0 0.0 3.0 0.0 1.0 0.0 1.0 1.0 6.0 5.0 1.0 1.0 1.0 2.0 2.0 2.0 3.0 2.0 2.0 0.0 2.0 0.0 0.0
p465 2.0 3.0 4.0 5.0 5.0 4.0 3.0 3.0 2.0 3.0 5.0 0.0 6.0 6.0 4.0 5.0 3.0 1.0 3.0 1.0 6.0 2.0 2.0 3.0 0.0 2.0 2.0 3.0 0.0 6.0 1.0 0.0 4.0 4.0 3.0 5.0 5.0 1.0 6.0 5.0 4.0 3.0 2.0 2.0 3.0 1.0 6.0 0.0
p466 1.0 5.0 5.0 4.0 6.0 5.0 1.0 5.0 4.0 3.0 0.0 0.0 2.0 4.0 5.0 0.0 0.0 1.0 1.0 2.0 0.0 5.0 3.0 6.0 5.0 6.0 1.0 6.0 5.0 2.0 4.0 3.0 6.0 2.0 0.0 4.0 0.0 3.0 0.0 1.0 1.0 4.0 1.0 0.0 6.0 0.0 3.0 2.0
p467 2.0 4.0 1.0 5.0 6.0 1.0 1.0 3.0 2.0 0.0 0.0 0.0 3.0 6.0 2.0 4.0 0.0 3.0 6.0 6.0 5.0 2.0 4.0 2.0 5.0 2.0 6.0 0.0 1.0 2.0 3.0 5.0 1.0 0.0 3.0 4.0 3.0 4.0 1.0 2.0 1.0 2.0 4.0 6.0 3.0 6.0 4.0 1.0
p468 6.0 3.0 3.0 4.0 1.0 4.0 0.0 3.0 0.0 5.0 1.0 4.0 0.0 5.0 1.0 5.0 0.0 5.0 2.0 2.0 2.0 3.0 5.0 4.0 5.0 2.0 3.0 0.0 6.0 0.0 4.0 0.0 4.0 3.0 2.0 0.0 1.0 0.0 2.0 2.0 0.0 3.0 6.0 5.0 1.0 4.0 3.0 6.0
p469 3.0 1.0 1.0 1.0 3.0 1.0 6.0 6.0 2.0 5.0 2.0 4.0 5.0 6.0 0.0 5.0 4.0 0.0 3.0 2.0 6.0 5.0 6.0 2.0 3.0 4.0 3.0 6.0 3.0 6.0 6.0 2.0 1.0 2.0 3.0 0.0 2.0 1.0 2.0 2.0 0.0 3.0 4.0 4.0 4.0 5.0 4.0 5.0
p470 6.0 3.0 6.0 3.0 4.0 6.0 3.0 4.0 4.0 2.0 0.0 5.0 6.0 4.0 5.0 4.0 1.0 4.0 4.0 3.0 3.0 1.0 0.0 3.0 5.0 4.0 2.0 4.0 4.0 1.0 6.0 5.0 1.0 4.0 5.0 0.0 2.0 6.0 2.0 3.0 4.0 3.0 4.0 2.0 6.0 6.0 0.0 2.0
p471 3.0 5.0 1.0 3.0 2.0 3.0 4.0 5.0 3.0 4.0 2.0 0.0 0.0 1.0 5.0 0.0 1.0 6.0 2.0 2.0 1.0 4.0 3.0 3.0 6.0 1.0 4.0 4.0 1.0 1.0 2.0 1.0 1.0 6.0 4.0 0.0 4.0 1.0 5.0 0.0 0.0 3.0 0.0 6.0 3.0 3.0 1.0 2.0
p472 5.0 4.0 1.0 4.0 2.0 3.0 3.0 3.0 0.0 0.0 2.0 0.0 5.0 0.0 5.0 0.0 2.0 4.0 0.0 2.0 2.0 1.0 4.0 2.0 2.0 5.0 6.0 1.0 5.0 5.0 0.0 1.0 1.0 4.0 1.0 6.0 0.0 1.0 6.0 0.0 2.0 2.0 5.0 1.0 3.0 5.0 0.0 5.0
p473 4.0 0.0 4.0 3.0 6.0 4.0 6.0 2.0 2.0 4.0 3.0 0.0 0.0 4.0 5.0 4.0 1.0 0.0 3.0 1.0 1.0 5.0 2.0 2.0 1.0 5.0 2.0 3.0 3.0 5.0 4.0 1.0 3.0 5.0 2.0 1.0 5.0 6.0 4.0 6.0 2.0 6.0 0.0 0.0 1.0 4.0 2.0 3.0
p474 2.0 5.0 3.0 6.0 5.0 2.0 6.0 3.0 2.0 0.0 6.0 1.0 2.0 5.0 5.0 1.0 4.0 4.0 1.0 2.0 0.0 6.0 1.0 0.0 0.0 3.0 1.0 6.0 3.0 1.0 1.0 5.0 4.0 6.0 1.0 0.0 6.0 1.0 2.0 3.0 1.0 0.0 0.0 3.0 4.0 6.0 6.0 5.0
p475 1.0 2.0 1.0 3.0 2.0 3.0 0.0 1.0 6.0 0.0 0.0 3.0 3.0 1.0 0.0 0.0 0.0 0.0 6.0 3.0 0.0 4.0 4.0 0.0 6.0 3.0 0.0 0.0 2.0 0.0 6.0 6.0 2.0 1.0 3.0 0.0 0.0 2.0 1.0 1.0 5.0 6.0 6.0 3.0 1.0 2.0 3.0 1.0
p476 6.0 0.0 2.0 4.0 6.0 1.0 4.0 3.0 3.0 6.0 2.0 3.0 2.0 3.0 3.0 5.0 6.0 1.0 1.0 2.0 0.0 2.0 3.0 2.0 0.0 4.0 5.0 0.0 3.0 5.0 3.0 3.0 3.0 5.0 3.0 4.0 1.0 1.0 2.0 2.0 4.0 5.0 0.0 1.0 2.0 2.0 2.0 0.0
p477 1.0 5.0 3.0 6.0 0.0 3.0 3.0 5.0 1.0 6.0 0.0 3.0 2.0 0.0 0.0 5.0 0.0 3.0 3.0 5.0 6.0 4.0 3.0 3.0 5.0 2.0 5.0 0.0 1.0 3.0 1.0 5.0 3.0 0.0 2.0 4.0 4.0 4.0 2.0 1.0 6.0 6.0 5.0 6.0 6.0 1.0 3.0 1.0
p478 0.0 4.0 0.0 0.0 1.0 0.0 3.0 5.0 4.0 5.0 2.0 3.0 3.0 2.0 1.0 1.0 3.0 5.0 1.0 3.0 1.0 2.0 6.0 3.0 3.0 6.0 1.0 1.0 4.0 0.0 5.0 6.0 0.0 6.0 0.0 1.0 4.0 0.0 3.0 2.0 5.0 1.0 3.0 0.0 2.0 1.0 2.0 1.0
p479 3.0 3.0 3.0 6.0 2.0 1.0 1.0 5.0 4.0 0.0 2.0 4.0 3.0 6.0 1.0 6.0 3.0 2.0 5.0 4.0 0.0 1.0 1.0 6.0 3.0 2.0 2.0 4.0 0.0 1.0 0.0 0.0 0.0 2.0 4.0 5.0 5.0 1.0 6.0 6.0 2.0 2.0 6.0 0.0 1.0 0.0 6.0 5.0
p480 3.0 3.0 6.0 5.0 3.0 5.0 2.0 2.0 4.0 0.0 4.0 0.0 2.0 5.0 6.0 2.0 4.0 4.0 4.0 6.0 4.0 0.0 1.0 1.0 6.0 1.0 1.0 0.0 0.0 1.0 3.0 1.0 1.0 0.0 1.0 1.0 4.0 2.0 3.0 5.0 5.0 5.0 1.0 5.0 6.0 3.0 6.0 2.0
p481 6.0 2.0 5.0 0.0 6.0 6.0 5.0 3.0 5.0 2.0 0.0 2.0 1.0 1.0 4.0 6.0 5.0 2.0 0.0 5.0 6.0 6.0 5.0 6.0 3.0 3.0 1.0 4.0 2.0 2.0 0.0 2.0 4.0 0.0 2.0 3.0 5.0 1.0 5.0 5.0 4.0 3.0 2.0 2.0 5.0 4.0 1.0 1.0
p482 1.0 2.0 4.0 0.0 1.0 5.0 4.0 4.0 0.0 4.0 1.0 1.0 2.0 1.0 5.0 3.0 4.0 6.0 1.0 4.0 6.0 3.0 5.0 2.0 0.0 1.0 5.0 1.0 3.0 1.0 3.0 1.0 6.0 2.0 0.0 2.0 2.0 0.0 3.0 5.0 2.0 1.0 2.0 2.0 2.0 2.0 2.0 0.0
p483 3.0 6.0 0.0 1.0 2.0 0.0 6.0 6.0 6.0 3.0 1.0 1.0 0.0 0.0 2.0 6.0 0.0 4.0 1.0 0.0 3.0 1.0 2.0 4.0 5.0 3.0 5.0 5.0 6.0 0.0 3.0 0.0 6.0 0.0 2.0 5.0 5.0 4.0 2.0 2.0 0.0 3.0 0.0 4.0 4.0 0.0 3.0 1.0
p484 6.0 5.0 6.0 5.0 4.0 0.0 0.0 2.0 4.0 0.0 4.0 4.0 2.0 2.0 3.0 1.0 5.0 0.0 4.0 1.0 2.0 4.0 1.0 3.0 0.0 3.0 6.0 2.0 3.0 6.0 5.0 4.0 1.0 1.0 3.0 4.0 0.0 0.0 5.0 3.0 5.0 0.0 6.0 0.0 5.0 6.0 2.0 6.0
p485 5.0 0.0 0.0 3.0 4.0 0.0 4.0 0.0 0.0 5.0 1.0 2.0 1.0 3.0 3.0 3.0 1.0 2.0 0.0 4.0 1.0 2.0 1.0 0.0 2.0 5.0 0.0 4.0 2.0 6.0 3.0 1.0 6.0 0.0 1.0 0.0 0.0 5.0 3.0 6.0 0.0 0.0 2.0 0.0 0.0 1.0 1.0 1.0
p486 5.0 3.0 1.0 0.0 0.0 1.0 4.0 3.0 0.0 0.0 3.0 3.0 4.0 4.0 0.0 0.0 4.0 6.0 1.0 2.0 5.0 1.0 4.0 2.0 0.0 0.0 5.0 5.0 5.0 5.0 1.0 2.0 5.0 6.0 4.0 2.0 6.0 5.0 3.0 0.0 6.0 1.0 5.0 3.0 4.0 0.0 0.0 3.0
p487 0.0 3.0 2.0 2.0 4.0 1.0 5.0 3.0 3.0 1.0 4.0 1.0 0.0 2.0 1.0 6.0 3.0 1.0 2.0 1.0 0.0 1.0 6.0 2.0 4.0 0.0 2.0 5.0 2.0 5.0 4.0 6.0 1.0 3.0 1.0 1.0 6.0 6.0 5.0 0.0 1.0 2.0 6.0 3.0 0.0 1.0 0.0 3.0
p488 1.0 5.0 2.0 3.0 0.0 6.0 1.0 4.0 0.0 5.0 3.0 5.0 4.0 1.0 1.0 0.0 2.0 6.0 2.0 4.0 5.0 4.0 6.0 4.0 3.0 6.0 3.0 0.0 5.0 4.0 1.0 0.0 6.0 3.0 2.0 5.0 2.0 1.0 3.0 1.0 6.0 3.0 2.0 1.0 2.0 1.0 6.0 0.0
p489 6.0 2.0 6.0 0.0 0.0 2.0 2.0 0.0 6.0 5.0 4.0 4.0 3.0 2.0 1.0 3.0 6.0 6.0 1.0 1.0 0.0 3.0 4.0 4.0 3.0 6.0 5.0 2.0 6.0 0.0 3.0 2.0 3.0 1.0 1.0 4.0 2.0 5.0 0.0 5.0 0.0 2.0 1.0 1.0 5.0 6.0 2.0 6.0
p490 2.0 4.0 1.0 0.0 2.0 5.0 3.0 1.0 5.0 2.0 6.0 4.0 4.0 5.0 3.0 3.0 1.0 6.0 1.0 2.0 5.0 0.0 6.0 3.0 1.0 1.0 1.0 5.0 5.0 4.0 5.0 1.0 0.0 6.0 3.0 1.0 3.0 1.0 4.0 0.0 5.0 4.0 3.0 6.0 5.0 4.0 5.0 1.0
p491 3.0 6.0 0.0 6.0 4.0 1.0 0.0 2.0 4.0 5.0 5.0 4.0 2.0 5.0 6.0 6.0 1.0 0.0 5.0 3.0 6.0 3.0 5.0 3.0 0.0 5.0 4.0 2.0 5.0 5.0 3.0 5.0 6.0 5.0 3.0 0.0 5.0 3.0 1.0 4.0 4.0 2.0 2.0 3.0 4.0 2.0 5.0 5.0
p492 0.0 3.0 1.0 1.0 0.0 1.0 1.0 6.0 2.0 3.0 6.0 1.0 2.0 0.0 5.0 4.0 4.0 5.0 2.0 0.0 1.0 5.0 0.0 6.0 5.0 0.0 2.0 6.0 5.0 1.0 3.0 5.0 3.0 3.0 5.0 1.0 3.0 0.0 5.0 3.0 6.0 1.0 3.0 1.0 4.0 2.0 6.0 1.0
p493 4.0 5.0 2.0 2.0 2.0 4.0 5.0 3.0 6.0 0.0 5.0 5.0 1.0 4.0 5.0 3.0 5.0 6.0 5.0 6.0 0.0 6.0 1.0 5.0 2.0 2.0 2.0 3.0 0.0 3.0 5.0 4.0 0.0 3.0 3.0 6.0 5.0 2.0 6.0 3.0 2.0 2.0 2.0 5.0 0.0 0.0 3.0 2.0
p494 0.0 0.0 2.0 6.0 2.0 0.0 6.0 5.0 6.0 5.0 1.0 1.0 6.0 0.0 4.0 0.0 2.0 4.0 0.0 0.0 4.0 1.0 5.0 1.0 0.0 2.0 0.0 4.0 2.0 2.0 1.0 6.0 0.0 1.0 2.0 6.0 1.0 1.0 6.0 3.0 6.0 3.0 0.0 1.0 2.0 4.0 1.0 3.0
p495 2.0 3.0 3.0 4.0 1.0 0.0 2.0 0.0 1.0 0.0 5.0 1.0 4.0 0.0 5.0 3.0 1.0 3.0 6.0 2.0 1.0 6.0 0.0 1.0 2.0 4.0 2.0 0.0 2.0 2.0 3.0 1.0 0.0 6.0 4.0 4.0 5.0 0.0 5.0 4.0 3.0 3.0 1.0 4.0 4.0 0.0 6.0 5.0
p496 3.0 6.0 4.0 3.0 2.0 0.0 3.0 5.0 6.0 3.0 5.0 4.0 5.0 0.0 3.0 4.0 2.0 4.0 3.0 2.0 0.0 0.0 6.0 5.0 1.0 3.0 3.0 1.0 2.0 4.0 6.0 0.0 1.0 5.0 6.0 0.0 4.0 2.0 2.0 3.0 4.0 2.0 0.0 0.0 3.0 3.0 1.0 4.0
p497 2.0 6.0 4.0 2.0 5.0 0.0 6.0 0.0 2.0 2.0 1.0 2.0 2.0 4.0 2.0 0.0 5.0 2.0 4.0 2.0 6.0 1.0 4.0 6.0 4.0 5.0 3.0 4.0 3.0 3.0 0.0 4.0 6.0 4.0 6.0 6.0 2.0 0.0 4.0 2.0 5.0 0.0 0.0 5.0 0.0 0.0 0.0 1.0
p498 0.0 2.0 2.0 2.0 6.0 1.0 0.0 2.0 2.0 6.0 5.0 5.0 0.0 1.0 0.0 3.0 0.0 2.0 1.0 5.0 3.0 6.0 1.0 6.0 0.0 0.0 2.0 0.0 1.0 0.0 5.0 5.0 1.0 3.0 1.0 0.0 0.0 5.0 5.0 3.0 3.0 4.0 0.0 3.0 3.0 0.0 5.0 1.0
p499 2.0 0.0 3.0 6.0 1.0 1.0 3.0 6.0 6.0 4.0 0.0 5.0 4.0 2.0 4.0 2.0 4.0 1.0 2.0 0.0 2.0 2.0 0.0 6.0 2.0 0.0 5.0 2.0 2.0 5.0 1.0 6.0 0.0 5.0 0.0 4.0 4.0 6.0 5.0 0.0 0.0 6.0 1.0 2.0 1.0 0.0 0.0 2.0
p500 2.0 3.0 4.0 5.0 2.0 4.0 4.0 0.0 0.0 2.0 5.0 6.0 4.0 6.0 4.0 4.0 0.0 1.0 2.0 0.0 4.0 1.0 1.0 2.0 4.0 2.0 2.0 5.0 5.0 0.0 4.0 4.0 2.0 3.0 6.0 0.0 4.0 1.0 4.0 6.0 1.0 0.0 0.0 5.0 3.0 1.0 6.0 6.0
