p1 3.0 5.0 0.0 1.0 6.0 2.0 0.0 1.0 5.0 0.0 4.0 0.0 0.0 4.0 5.0 5.0 5.0 5.0 0.0 2.0 0.0 6.0 5.0 6.0 2.0 1.0 1.0 2.0 2.0 4.0 3.0 1.0 5.0 2.0 4.0 6.0 0.0 1.0 3.0 2.0 5.0 1.0 1.0 5.0 0.0 1.0 5.0 5.0
p2 5.0 3.0 2.0 4.0 3.0 2.0 4.0 0.0 4.0 6.0 3.0 5.0 4.0 1.0 5.0 2.0 4.0 0.0 2.0 5.0 0.0 1.0 0.0 6.0 2.0 1.0 0.0 3.0 3.0 0.0 6.0 6.0 6.0 1.0 5.0 2.0 1.0 2.0 6.0 6.0 3.0 3.0 0.0 1.0 0.0 5.0 2.0 0.0
p3 1.0 1.0 3.0 5.0 0.0 0.0 1.0 3.0 4.0 2.0 4.0 4.0 2.0 1.0 3.0 2.0 3.0 3.0 2.0 1.0 4.0 5.0 0.0 2.0 5.0 5.0 0.0 4.0 4.0 1.0 6.0 4.0 1.0 3.0 1.0 2.0 4.0 6.0 3.0 3.0 6.0 6.0 2.0 0.0 2.0 6.0 0.0 5.0
p4 4.0 2.0 5.0 5.0 2.0 3.0 1.0 1.0 1.0 0.0 0.0 6.0 6.0 3.0 1.0 2.0 3.0 4.0 2.0 5.0 6.0 1.0 2.0 1.0 5.0 5.0 2.0 1.0 0.0 0.0 4.0 5.0 1.0 0.0 2.0 0.0 0.0 0.0 3.0 6.0 2.0 5.0 3.0 0.0 1.0 3.0 3.0 4.0
p5 5.0 3.0 2.0 2.0 2.0 0.0 3.0 0.0 1.0 0.0 4.0 4.0 5.0 0.0 0.0 5.0 2.0 2.0 4.0 6.0 0.0 5.0 3.0 1.0 5.0 2.0 2.0 0.0 3.0 2.0 5.0 2.0 3.0 5.0 2.0 0.0 3.0 0.0 0.0 6.0 6.0 5.0 0.0 3.0 4.0 6.0 5.0 1.0
p6 4.0 4.0 1.0 3.0 0.0 2.0 5.0 2.0 1.0 1.0 2.0 0.0 0.0 0.0 1.0 1.0 2.0 0.0 3.0 0.0 1.0 4.0 2.0 4.0 2.0 1.0 3.0 1.0 2.0 2.0 4.0 3.0 1.0 4.0 1.0 5.0 2.0 6.0 4.0 1.0 6.0 2.0 5.0 5.0 0.0 3.0 1.0 3.0
p7 4.0 1.0 0.0 4.0 0.0 0.0 6.0 0.0 5.0 5.0 6.0 1.0 5.0 3.0 6.0 6.0 3.0 3.0 4.0 3.0 0.0 4.0 5.0 5.0 2.0 3.0 2.0 2.0 2.0 1.0 2.0 5.0 6.0 5.0 6.0 4.0 0.0 2.0 0.0 4.0 1.0 2.0 1.0 1.0 5.0 0.0 3.0 4.0
p8 2.0 1.0 5.0 5.0 4.0 3.0 0.0 0.0 6.0 5.0 6.0 0.0 0.0 3.0 2.0 0.0 0.0 5.0 2.0 4.0 3.0 2.0 1.0 5.0 4.0 6.0 0.0 4.0 6.0 5.0 3.0 4.0 6.0 5.0 5.0 2.0 1.0 2.0 1.0 1.0 4.0 5.0 3.0 2.0 5.0 2.0 0.0 3.0
p9 4.0 3.0 3.0 3.0 1.0 4.0 3.0 6.0 5.0 3.0 0.0 0.0 2.0 0.0 0.0 1.0 5.0 1.0 4.0 6.0 3.0 0.0 0.0 2.0 4.0 6.0 4.0 0.0 6.0 3.0 2.0 0.0 0.0 2.0 0.0 1.0 6.0 1.0 2.0 1.0 2.0 1.0 2.0 1.0 0.0 2.0 4.0 1.0
p10 1.0 6.0 1.0 0.0 5.0 0.0 2.0 6.0 6.0 3.0 4.0 3.0 0.0 2.0 2.0 5.0 2.0 0.0 6.0 6.0 1.0 1.0 1.0 1.0 4.0 0.0 3.0 5.0 5.0 4.0 4.0 6.0 3.0 5.0 5.0 5.0 4.0 0.0 5.0 2.0 6.0 2.0 0.0 5.0 0.0 6.0 3.0 0.0
p11 1.0 1.0 2.0 5.0 3.0 0.0 0.0 3.0 2.0 5.0 0.0 4.0 6.0 3.0 6.0 1.0 3.0 2.0 1.0 2.0 1.0 0.0 6.0 0.0 2.0 1.0 4.0 5.0 4.0 4.0 6.0 1.0 0.0 6.0 0.0 0.0 3.0 1.0 0.0 2.0 2.0 4.0 5.0 5.0 6.0 4.0 0.0 0.0
p12 5.0 4.0 0.0 4.0 5.0 0.0 6.0 2.0 3.0 5.0 6.0 5.0 4.0 0.0 1.0 1.0 5.0 3.0 6.0 3.0 0.0 4.0 0.0 5.0 2.0 2.0 6.0 2.0 5.0 0.0 3.0 0.0 4.0 6.0 2.0 0.0 0.0 0.0 1.0 1.0 6.0 3.0 2.0 0.0 4.0 2.0 4.0 2.0
p13 5.0 0.0 2.0 3.0 0.0 6.0 6.0 3.0 1.0 3.0 6.0 6.0 0.0 6.0 0.0 4.0 5.0 6.0 1.0 1.0 3.0 0.0 4.0 2.0 1.0 6.0 0.0 6.0 3.0 5.0 0.0 2.0 6.0 0.0 4.0 5.0 1.0 4.0 1.0 4.0 3.0 1.0 6.0 5.0 2.0 3.0 5.0 1.0
p14 6.0 2.0 1.0 1.0 1.0 5.0 1.0 6.0 1.0 1.0 1.0 3.0 1.0 3.0 4.0 4.0 0.0 2.0 4.0 1.0 1.0 1.0 6.0 3.0 0.0 6.0 1.0 5.0 3.0 1.0 5.0 2.0 0.0 2.0 3.0 0.0 6.0 1.0 0.0 5.0 2.0 3.0 2.0 0.0 3.0 1.0 1.0 3.0
p15 2.0 5.0 2.0 6.0 4.0 1.0 6.0 0.0 5.0 3.0 4.0 6.0 6.0 3.0 1.0 3.0 4.0 0.0 2.0 1.0 3.0 6.0 0.0 5.0 5.0 1.0 5.0 5.0 4.0 2.0 1.0 0.0 6.0 6.0 2.0 4.0 0.0 4.0 2.0 5.0 6.0 4.0 0.0 5.0 6.0 4.0 2.0 3.0
p16 1.0 0.0 3.0 4.0 1.0 5.0 2.0 2.0 4.0 1.0 2.0 4.0 6.0 0.0 1.0 3.0 0.0 1.0 4.0 3.0 2.0 5.0 3.0 3.0 6.0 6.0 2.0 3.0 6.0 6.0 6.0 1.0 1.0 4.0 0.0 2.0 6.0 6.0 2.0 2.0 2.0 1.0 3.0 5.0 4.0 3.0 1.0 6.0
p17 0.0 5.0 6.0 1.0 1.0 6.0 2.0 3.0 3.0 1.0 1.0 0.0 5.0 2.0 2.0 5.0 1.0 0.0 4.0 6.0 2.0 1.0 5.0 2.0 5.0 0.0 3.0 2.0 0.0 6.0 4.0 1.0 5.0 1.0 3.0 0.0 5.0 0.0 0.0 5.0 6.0 6.0 5.0 3.0 4.0 5.0 2.0 4.0
p18 6.0 0.0 0.0 0.0 1.0 6.0 4.0 5.0 1.0 0.0 0.0 0.0 5.0 1.0 5.0 1.0 2.0 4.0 4.0 0.0 0.0 3.0 2.0 1.0 5.0 0.0 0.0 4.0 4.0 4.0 2.0 2.0 1.0 5.0 0.0 2.0 4.0 3.0 2.0 4.0 1.0 1.0 4.0 6.0 6.0 6.0 0.0 0.0
p19 4.0 6.0 1.0 1.0 1.0 1.0 2.0 4.0 2.0 3.0 5.0 5.0 6.0 4.0 3.0 1.0 3.0 2.0 2.0 2.0 6.0 1.0 2.0 0.0 2.0 0.0 3.0 2.0 3.0 2.0 0.0 2.0 6.0 0.0 1.0 1.0 2.0 6.0 4.0 3.0 5.0 1.0 4.0 3.0 3.0 6.0 0.0 0.0
p20 1.0 3.0 6.0 6.0 2.0 2.0 0.0 5.0 4.0 2.0 4.0 5.0 0.0 6.0 1.0 4.0 4.0 5.0 0.0 6.0 5.0 0.0 4.0 2.0 5.0 5.0 4.0 6.0 3.0 2.0 2.0 0.0 2.0 1.0 0.0 3.0 1.0 6.0 0.0 1.0 0.0 2.0 6.0 4.0 1.0 4.0 2.0 2.0
p21 0.0 1.0 4.0 2.0 2.0 4.0 3.0 4.0 5.0 4.0 1.0 0.0 1.0 2.0 6.0 4.0 0.0 3.0 3.0 0.0 2.0 4.0 3.0 4.0 1.0 0.0 5.0 5.0 1.0 2.0 2.0 1.0 3.0 4.0 0.0 5.0 2.0 5.0 3.0 5.0 4.0 0.0 2.0 2.0 1.0 0.0 2.0 1.0
p22 6.0 1.0 1.0 0.0 2.0 3.0 2.0 2.0 4.0 1.0 3.0 6.0 3.0 1.0 0.0 0.0 4.0 5.0 0.0 5.0 6.0 1.0 4.0 4.0 0.0 6.0 1.0 5.0 3.0 0.0 1.0 2.0 6.0 4.0 1.0 5.0 5.0 5.0 2.0 1.0 4.0 5.0 6.0 4.0 0.0 6.0 0.0 3.0
p23 2.0 3.0 3.0 0.0 3.0 1.0 2.0 6.0 2.0 0.0 1.0 4.0 6.0 5.0 5.0 2.0 6.0 2.0 1.0 0.0 6.0 5.0 4.0 3.0 2.0 1.0 3.0 4.0 1.0 6.0 3.0 4.0 0.0 3.0 6.0 0.0 1.0 1.0 2.0 5.0 3.0 3.0 5.0 4.0 1.0 0.0 6.0 0.0
p24 1.0 5.0 0.0 6.0 2.0 4.0 0.0 0.0 4.0 4.0 1.0 3.0 6.0 2.0 5.0 6.0 5.0 4.0 1.0 4.0 2.0 6.0 3.0 0.0 3.0 5.0 4.0 1.0 2.0 4.0 1.0 0.0 4.0 6.0 4.0 3.0 6.0 3.0 0.0 3.0 3.0 6.0 6.0 2.0 3.0 3.0 3.0 6.0
p25 0.0 0.0 4.0 4.0 1.0 1.0 2.0 2.0 6.0 0.0 1.0 1.0 1.0 6.0 3.0 4.0 6.0 5.0 2.0 3.0 1.0 2.0 4.0 3.0 0.0 0.0 0.0 1.0 5.0 2.0 3.0 2.0 3.0 0.0 3.0 1.0 2.0 3.0 3.0 0.0 2.0 4.0 3.0 2.0 1.0 3.0 3.0 6.0
p26 2.0 0.0 4.0 3.0 3.0 0.0 2.0 2.0 6.0 0.0 3.0 2.0 5.0 3.0 6.0 1.0 3.0 2.0 2.0 0.0 3.0 3.0 6.0 6.0 5.0 1.0 1.0 5.0 0.0 2.0 0.0 1.0 1.0 6.0 2.0 1.0 4.0 0.0 5.0 5.0 4.0 3.0 4.0 2.0 6.0 5.0 3.0 0.0
p27 0.0 2.0 5.0 3.0 6.0 3.0 4.0 3.0 0.0 3.0 3.0 2.0 0.0 4.0 2.0 4.0 1.0 0.0 5.0 4.0 3.0 1.0 3.0 5.0 6.0 0.0 2.0 5.0 3.0 1.0 5.0 5.0 5.0 2.0 2.0 6.0 2.0 2.0 0.0 1.0 0.0 2.0 1.0 1.0 6.0 4.0 2.0 2.0
p28 0.0 0.0 5.0 6.0 6.0 5.0 3.0 5.0 6.0 5.0 2.0 5.0 2.0 6.0 4.0 1.0 4.0 6.0 1.0 1.0 6.0 3.0 2.0 6.0 2.0 4.0 4.0 6.0 3.0 1.0 4.0 3.0 2.0 6.0 0.0 5.0 5.0 2.0 3.0 1.0 1.0 4.0 0.0 3.0 0.0 2.0 2.0 4.0
p29 0.0 4.0 1.0 5.0 5.0 2.0 0.0 1.0 3.0 3.0 5.0 4.0 1.0 2.0 5.0 4.0 0.0 4.0 2.0 3.0 1.0 0.0 6.0 2.0 1.0 3.0 4.0 4.0 1.0 4.0 0.0 4.0 1.0 6.0 2.0 5.0 2.0 5.0 5.0 1.0 6.0 3.0 6.0 3.0 5.0 2.0 6.0 5.0
p30 3.0 6.0 4.0 4.0 1.0 1.0 6.0 4.0 1.0 0.0 4.0 2.0 1.0 3.0 2.0 6.0 1.0 1.0 6.0 5.0 6.0 2.0 2.0 3.0 5.0 4.0 5.0 1.0 3.0 2.0 3.0 5.0 3.0 3.0 3.0 6.0 4.0 3.0 6.0 3.0 0.0 1.0 3.0 2.0 6.0 6.0 3.0 5.0
p31 0.0 0.0 1.0 1.0 6.0 2.0 3.0 2.0 4.0 1.0 2.0 5.0 0.0 0.0 5.0 1.0 0.0 2.0 5.0 0.0 4.0 3.0 4.0 2.0 2.0 1.0 1.0 2.0 6.0 0.0 0.0 3.0 3.0 3.0 6.0 1.0 1.0 6.0 2.0 2.0 4.0 6.0 5.0 2.0 1.0 0.0 2.0 3.0
p32 1.0 2.0 4.0 3.0 1.0 2.0 0.0 0.0 0.0 6.0 1.0 4.0 4.0 3.0 3.0 5.0 0.0 1.0 5.0 4.0 2.0 5.0 2.0 2.0 4.0 1.0 3.0 1.0 0.0 5.0 0.0 1.0 2.0 4.0 4.0 6.0 3.0 6.0 0.0 4.0 4.0 4.0 4.0 3.0 3.0 3.0 0.0 5.0
p33 0.0 6.0 3.0 4.0 2.0 2.0 4.0 6.0 4.0 3.0 2.0 4.0 2.0 1.0 5.0 6.0 0.0 6.0 2.0 1.0 1.0 1.0 0.0 1.0 2.0 4.0 4.0 0.0 1.0 2.0 0.0 1.0 2.0 2.0 0.0 0.0 3.0 4.0 6.0 6.0 3.0 2.0 1.0 6.0 5.0 4.0 2.0 5.0
p34 0.0 0.0 6.0 6.0 2.0 6.0 5.0 1.0 2.0 4.0 0.0 4.0 0.0 5.0 0.0 0.0 4.0 4.0 0.0 2.0 1.0 2.0 1.0 1.0 3.0 2.0 2.0 6.0 5.0 6.0 0.0 3.0 6.0 3.0 5.0 6.0 6.0 5.0 1.0 2.0 5.0 2.0 1.0 0.0 2.0 3.0 3.0 5.0
p35 4.0 6.0 1.0 5.0 5.0 6.0 4.0 1.0 4.0 5.0 4.0 0.0 2.0 5.0 6.0 4.0 6.0 4.0 1.0 6.0 5.0 0.0 1.0 4.0 0.0 0.0 6.0 1.0 5.0 1.0 2.0 2.0 1.0 1.0 1.0 3.0 1.0 1.0 5.0 0.0 4.0 1.0 2.0 2.0 1.0 6.0 5.0 2.0
p36 6.0 0.0 0.0 3.0 1.0 6.0 5.0 0.0 4.0 5.0 2.0 6.0 0.0 5.0 3.0 4.0 5.0 1.0 1.0 5.0 6.0 3.0 5.0 3.0 0.0 4.0 1.0 0.0 6.0 1.0 1.0 3.0 4.0 2.0 0.0 4.0 2.0 0.0 4.0 5.0 2.0 3.0 4.0 2.0 6.0 5.0 3.0 4.0
p37 1.0 2.0 5.0 4.0 0.0 2.0 1.0 6.0 0.0 1.0 0.0 6.0 3.0 5.0 0.0 6.0 3.0 1.0 0.0 4.0 1.0 3.0 0.0 5.0 3.0 1.0 1.0 5.0 3.0 4.0 4.0 4.0 0.0 2.0 0.0 1.0 1.0 2.0 4.0 2.0 4.0 5.0 6.0 1.0 4.0 2.0 2.0 4.0
p38 3.0 3.0 2.0 4.0 4.0 4.0 4.0 5.0 6.0 2.0 4.0 6.0 4.0 1.0 0.0 5.0 0.0 3.0 1.0 1.0 1.0 4.0 5.0 0.0 3.0 6.0 5.0 3.0 3.0 4.0 0.0 4.0 3.0 0.0 4.0 5.0 5.0 3.0 2.0 1.0 4.0 0.0 2.0 0.0 0.0 2.0 4.0 4.0
p39 0.0 6.0 3.0 5.0 0.0 4.0 6.0 4.0 3.0 3.0 5.0 0.0 0.0 2.0 3.0 6.0 2.0 1.0 3.0 6.0 6.0 4.0 4.0 6.0 2.0 0.0 4.0 4.0 6.0 1.0 3.0 1.0 4.0 1.0 0.0 1.0 5.0 3.0 3.0 5.0 6.0 1.0 4.0 3.0 4.0 3.0 3.0 3.0
p40 4.0 1.0 0.0 3.0 6.0 3.0 0.0 3.0 1.0 3.0 4.0 6.0 1.0 0.0 0.0 3.0 5.0 6.0 6.0 2.0 1.0 1.0 0.0 5.0 6.0 5.0 5.0 2.0 5.0 2.0 3.0 6.0 4.0 6.0 3.0 3.0 2.0 1.0 4.0 0.0 1.0 1.0 0.0 4.0 3.0 6.0 1.0 3.0
p41 2.0 1.0 0.0 3.0 1.0 3.0 6.0 3.0 4.0 0.0 3.0 6.0 4.0 3.0 3.0 3.0 4.0 5.0 2.0 2.0 1.0 2.0 3.0 4.0 5.0 0.0 5.0 2.0 3.0 6.0 5.0 5.0 5.0 2.0 3.0 4.0 4.0 4.0 2.0 2.0 1.0 3.0 3.0 5.0 2.0 4.0 3.0 1.0
p42 4.0 4.0 4.0 6.0 0.0 5.0 0.0 1.0 1.0 6.0 1.0 1.0 5.0 0.0 3.0 4.0 3.0 5.0 1.0 1.0 3.0 0.0 1.0 0.0 1.0 4.0 4.0 5.0 5.0 2.0 0.0 6.0 5.0 1.0 5.0 4.0 1.0 6.0 1.0 1.0 6.0 0.0 4.0 5.0 0.0 1.0 4.0 3.0
p43 1.0 2.0 0.0 4.0 0.0 3.0 2.0 1.0 4.0 0.0 4.0 1.0 5.0 4.0 2.0 6.0 6.0 5.0 1.0 1.0 3.0 1.0 0.0 5.0 1.0 4.0 4.0 0.0 0.0 4.0 0.0 3.0 0.0 3.0 4.0 2.0 5.0 6.0 2.0 3.0 6.0 5.0 4.0 0.0 5.0 1.0 1.0 1.0
p44 0.0 3.0 2.0 3.0 0.0 5.0 2.0 6.0 0.0 1.0 5.0 4.0 1.0 0.0 1.0 2.0 6.0 0.0 1.0 1.0 6.0 6.0 0.0 1.0 6.0 1.0 0.0 3.0 0.0 0.0 2.0 1.0 0.0 5.0 5.0 4.0 1.0 5.0 5.0 2.0 1.0 5.0 3.0 2.0 3.0 1.0 6.0 4.0
p45 1.0 3.0 1.0 5.0 5.0 1.0 3.0 1.0 0.0 1.0 1.0 5.0 4.0 0.0 3.0 0.0 6.0 4.0 5.0 3.0 1.0 6.0 0.0 1.0 0.0 4.0 2.0 4.0 6.0 0.0 5.0 0.0 3.0 4.0 3.0 1.0 2.0 2.0 2.0 0.0 4.0 5.0 4.0 0.0 5.0 3.0 1.0 1.0
p46 6.0 4.0 2.0 3.0 4.0 1.0 3.0 0.0 3.0 3.0 3.0 0.0 6.0 6.0 3.0 0.0 2.0 0.0 4.0 5.0 5.0 1.0 1.0 5.0 1.0 4.0 0.0 0.0 2.0 2.0 1.0 0.0 3.0 5.0 6.0 4.0 1.0 4.0 0.0 6.0 3.0 5.0 5.0 3.0 0.0 1.0 3.0 3.0
p47 0.0 4.0 4.0 0.0 1.0 0.0 4.0 6.0 6.0 6.0 3.0 6.0 0.0 5.0 0.0 4.0 5.0 1.0 2.0 4.0 2.0 3.0 6.0 6.0 0.0 1.0 4.0 0.0 3.0 3.0 6.0 4.0 4.0 1.0 3.0 6.0 5.0 0.0 3.0 5.0 1.0 4.0 5.0 0.0 0.0 2.0 1.0 6.0
p48 6.0 2.0 5.0 4.0 2.0 6.0 2.0 2.0 0.0 2.0 1.0 2.0 3.0 6.0 6.0 6.0 5.0 1.0 3.0 1.0 1.0 3.0 1.0 2.0 3.0 1.0 5.0 3.0 4.0 4.0 1.0 1.0 5.0 5.0 0.0 3.0 5.0 6.0 2.0 0.0 3.0 3.0 2.0 0.0 3.0 4.0 1.0 2.0
p49 6.0 4.0 1.0 1.0 0.0 2.0 1.0 4.0 3.0 5.0 1.0 0.0 2.0 6.0 1.0 1.0 6.0 2.0 1.0 2.0 1.0 4.0 3.0 0.0 1.0 3.0 5.0 2.0 0.0 3.0 4.0 6.0 5.0 3.0 0.0 0.0 0.0 2.0 2.0 5.0 6.0 2.0 0.0 2.0 5.0 5.0 0.0 2.0
p50 1.0 1.0 2.0 1.0 4.0 0.0 5.0 6.0 0.0 3.0 1.0 3.0 6.0 1.0 3.0 3.0 6.0 6.0 3.0 1.0 0.0 4.0 2.0 4.0 0.0 1.0 3.0 4.0 2.0 1.0 5.0 1.0 2.0 4.0 1.0 1.0 4.0 3.0 3.0 2.0 2.0 5.0 6.0 0.0 3.0 4.0 0.0 2.0
p51 2.0 4.0 0.0 4.0 1.0 0.0 1.0 5.0 1.0 6.0 5.0 5.0 6.0 5.0 4.0 3.0 5.0 3.0 4.0 1.0 3.0 0.0 0.0 6.0 2.0 4.0 5.0 0.0 2.0 3.0 0.0 3.0 4.0 0.0 5.0 0.0 6.0 6.0 5.0 2.0 4.0 6.0 5.0 4.0 1.0 2.0 5.0 3.0
p52 0.0 4.0 0.0 3.0 0.0 6.0 1.0 1.0 0.0 0.0 5.0 1.0 3.0 4.0 2.0 6.0 6.0 6.0 2.0 0.0 3.0 5.0 4.0 2.0 0.0 3.0 0.0 2.0 3.0 6.0 1.0 0.0 2.0 3.0 3.0 3.0 0.0 5.0 4.0 0.0 6.0 0.0 1.0 3.0 3.0 2.0 5.0 2.0
p53 4.0 0.0 0.0 3.0 2.0 4.0 3.0 1.0 2.0 1.0 5.0 3.0 0.0 3.0 4.0 6.0 2.0 3.0 3.0 3.0 2.0 0.0 5.0 0.0 5.0 3.0 1.0 6.0 6.0 2.0 6.0 4.0 4.0 5.0 5.0 3.0 5.0 3.0 5.0 0.0 5.0 0.0 4.0 6.0 6.0 1.0 0.0 0.0
p54 4.0 5.0 2.0 1.0 6.0 4.0 0.0 2.0 2.0 0.0 6.0 5.0 0.0 1.0 1.0 5.0 2.0 2.0 5.0 2.0 6.0 3.0 4.0 6.0 6.0 6.0 3.0 3.0 1.0 2.0 4.0 0.0 4.0 1.0 1.0 3.0 3.0 3.0 2.0 4.0 0.0 5.0 4.0 0.0 4.0 1.0 3.0 3.0
p55 5.0 6.0 2.0 0.0 2.0 5.0 2.0 5.0 4.0 0.0 2.0 0.0 4.0 3.0 0.0 0.0 4.0 4.0 0.0 1.0 2.0 4.0 3.0 4.0 6.0 2.0 3.0 1.0 2.0 0.0 1.0 1.0 0.0 1.0 5.0 3.0 1.0 1.0 6.0 1.0 1.0 3.0 0.0 3.0 0.0 3.0 2.0 6.0
p56 3.0 1.0 2.0 3.0 1.0 3.0 1.0 3.0 1.0 6.0 0.0 0.0 3.0 0.0 0.0 5.0 6.0 3.0 4.0 3.0 2.0 1.0 1.0 0.0 0.0 3.0 1.0 1.0 2.0 4.0 1.0 0.0 2.0 0.0 3.0 5.0 5.0 1.0 3.0 1.0 3.0 3.0 1.0 0.0 0.0 5.0 0.0 0.0
p57 1.0 4.0 1.0 3.0 6.0 0.0 2.0 3.0 6.0 2.0 2.0 1.0 6.0 0.0 2.0 2.0 0.0 1.0 1.0 2.0 2.0 2.0 2.0 1.0 3.0 6.0 0.0 4.0 2.0 4.0 6.0 4.0 2.0 0.0 0.0 2.0 3.0 0.0 0.0 5.0 6.0 6.0 2.0 0.0 2.0 1.0 0.0 0.0
p58 3.0 5.0 5.0 1.0 3.0 6.0 6.0 0.0 5.0 0.0 2.0 1.0 1.0 4.0 2.0 6.0 4.0 2.0 5.0 3.0 0.0 5.0 0.0 6.0 2.0 4.0 5.0 5.0 4.0 4.0 0.0 4.0 3.0 3.0 2.0 2.0 1.0 1.0 0.0 3.0 4.0 0.0 6.0 4.0 3.0 4.0 0.0 3.0
p59 2.0 0.0 1.0 4.0 1.0 2.0 6.0 0.0 2.0 5.0 4.0 6.0 1.0 2.0 1.0 4.0 3.0 2.0 4.0 4.0 1.0 0.0 5.0 5.0 1.0 2.0 2.0 2.0 3.0 2.0 2.0 4.0 0.0 0.0 0.0 0.0 1.0 2.0 6.0 5.0 4.0 5.0 4.0 3.0 3.0 2.0 4.0 3.0
p60 5.0 1.0 6.0 5.0 3.0 4.0 2.0 1.0 4.0 0.0 3.0 3.0 1.0 1.0 3.0 5.0 1.0 4.0 0.0 3.0 2.0 6.0 4.0 3.0 3.0 2.0 0.0 2.0 3.0 1.0 3.0 3.0 0.0 1.0 0.0 1.0 1.0 2.0 4.0 3.0 5.0 1.0 4.0 4.0 6.0 2.0 0.0 2.0
p61 3.0 2.0 4.0 5.0 1.0 5.0 6.0 3.0 4.0 1.0 5.0 0.0 0.0 3.0 1.0 1.0 1.0 5.0 1.0 3.0 4.0 2.0 0.0 5.0 5.0 3.0 3.0 4.0 1.0 2.0 5.0 6.0 4.0 5.0 2.0 0.0 5.0 0.0 0.0 5.0 2.0 3.0 0.0 1.0 5.0 4.0 6.0 0.0
p62 4.0 5.0 0.0 5.0 6.0 1.0 3.0 6.0 3.0 3.0 2.0 6.0 2.0 3.0 5.0 4.0 0.0 3.0 2.0 2.0 2.0 1.0 2.0 6.0 0.0 1.0 1.0 0.0 0.0 2.0 4.0 3.0 6.0 5.0 2.0 6.0 6.0 3.0 1.0 1.0 0.0 3.0 3.0 3.0 0.0 1.0 1.0 3.0
p63 3.0 5.0 1.0 0.0 1.0 0.0 1.0 2.0 5.0 0.0 5.0 3.0 0.0 6.0 1.0 0.0 1.0 3.0 0.0 2.0 4.0 4.0 3.0 1.0 0.0 0.0 0.0 2.0 5.0 4.0 6.0 0.0 4.0 6.0 4.0 0.0 2.0 1.0 2.0 6.0 4.0 0.0 1.0 1.0 2.0 3.0 2.0 2.0
p64 1.0 5.0 6.0 6.0 0.0 1.0 4.0 1.0 3.0 6.0 0.0 5.0 6.0 0.0 2.0 2.0 6.0 2.0 0.0 5.0 2.0 3.0 4.0 2.0 1.0 6.0 4.0 2.0 0.0 1.0 4.0 2.0 0.0 5.0 6.0 0.0 5.0 1.0 3.0 1.0 2.0 6.0 3.0 0.0 2.0 0.0 6.0 4.0
p65 1.0 0.0 5.0 0.0 3.0 6.0 3.0 1.0 4.0 1.0 1.0 4.0 4.0 4.0 5.0 2.0 1.0 1.0 5.0 1.0 3.0 4.0 4.0 6.0 6.0 2.0 4.0 6.0 5.0 3.0 2.0 3.0 1.0 0.0 4.0 0.0 0.0 6.0 5.0 1.0 1.0 1.0 5.0 5.0 2.0 1.0 5.0 5.0
p66 0.0 3.0 4.0 4.0 4.0 0.0 1.0 2.0 1.0 5.0 3.0 4.0 4.0 3.0 4.0 6.0 0.0 4.0 1.0 1.0 1.0 6.0 2.0 6.0 1.0 5.0 4.0 1.0 5.0 2.0 1.0 4.0 6.0 4.0 5.0 6.0 5.0 4.0 0.0 1.0 1.0 2.0 4.0 2.0 1.0 0.0 2.0 2.0
p67 0.0 2.0 2.0 4.0 1.0 6.0 2.0 2.0 2.0 4.0 3.0 1.0 4.0 4.0 4.0 0.0 2.0 5.0 5.0 6.0 1.0 6.0 0.0 1.0 1.0 4.0 3.0 6.0 4.0 1.0 5.0 6.0 4.0 1.0 2.0 3.0 3.0 1.0 1.0 0.0 2.0 6.0 0.0 5.0 6.0 3.0 1.0 1.0
p68 3.0 2.0 0.0 3.0 5.0 3.0 3.0 3.0 5.0 4.0 2.0 1.0 0.0 4.0 3.0 1.0 5.0 4.0 1.0 2.0 1.0 6.0 1.0 1.0 2.0 3.0 0.0 3.0 0.0 5.0 1.0 1.0 4.0 3.0 2.0 4.0 6.0 2.0 1.0 0.0 4.0 1.0 1.0 2.0 0.0 0.0 0.0 1.0
p69 0.0 4.0 3.0 5.0 1.0 1.0 3.0 3.0 0.0 5.0 5.0 2.0 6.0 5.0 2.0 4.0 4.0 3.0 6.0 0.0 0.0 3.0 0.0 5.0 4.0 1.0 0.0 4.0 0.0 3.0 1.0 5.0 0.0 5.0 0.0 5.0 6.0 0.0 5.0 5.0 0.0 0.0 1.0 3.0 2.0 0.0 1.0 5.0
p70 4.0 0.0 6.0 6.0 0.0 6.0 0.0 1.0 1.0 2.0 5.0 5.0 6.0 3.0 6.0 4.0 5.0 3.0 0.0 3.0 2.0 0.0 1.0 3.0 1.0 0.0 4.0 0.0 5.0 0.0 4.0 2.0 2.0 1.0 3.0 1.0 3.0 2.0 5.0 6.0 3.0 6.0 3.0 3.0 4.0 6.0 2.0 4.0
p71 4.0 4.0 4.0 0.0 6.0 1.0 5.0 3.0 3.0 0.0 4.0 3.0 1.0 2.0 6.0 5.0 6.0 5.0 1.0 1.0 6.0 0.0 2.0 0.0 3.0 2.0 3.0 2.0 1.0 2.0 0.0 1.0 1.0 2.0 4.0 4.0 3.0 0.0 2.0 0.0 6.0 6.0 6.0 0.0 3.0 3.0 0.0 1.0
p72 2.0 6.0 0.0 2.0 2.0 4.0 0.0 0.0 0.0 5.0 5.0 0.0 2.0 4.0 1.0 3.0 0.0 0.0 1.0 4.0 0.0 2.0 0.0 1.0 2.0 0.0 4.0 5.0 0.0 6.0 3.0 1.0 2.0 5.0 3.0 0.0 2.0 3.0 2.0 0.0 5.0 4.0 0.0 1.0 6.0 2.0 3.0 0.0
p73 0.0 2.0 1.0 1.0 1.0 0.0 3.0 3.0 5.0 1.0 1.0 2.0 1.0 4.0 0.0 4.0 1.0 0.0 0.0 4.0 4.0 4.0 4.0 2.0 6.0 1.0 2.0 1.0 0.0 5.0 2.0 0.0 3.0 6.0 4.0 6.0 2.0 6.0 1.0 3.0 0.0 0.0 0.0 5.0 6.0 2.0 6.0 2.0
p74 1.0 1.0 4.0 3.0 6.0 5.0 1.0 0.0 2.0 0.0 0.0 0.0 5.0 1.0 3.0 1.0 2.0 0.0 2.0 0.0 0.0 0.0 5.0 5.0 6.0 4.0 3.0 1.0 3.0 4.0 0.0 2.0 1.0 5.0 0.0 2.0 0.0 1.0 1.0 6.0 3.0 3.0 3.0 2.0 4.0 1.0 3.0 2.0
p75 3.0 5.0 2.0 0.0 3.0 2.0 6.0 5.0 6.0 0.0 4.0 5.0 5.0 4.0 0.0 3.0 6.0 3.0 6.0 5.0 0.0 1.0 3.0 1.0 6.0 2.0 3.0 4.0 0.0 3.0 4.0 3.0 4.0 6.0 0.0 2.0 5.0 5.0 4.0 5.0 0.0 6.0 3.0 3.0 4.0 1.0 5.0 0.0
p76 1.0 5.0 5.0 1.0 1.0 4.0 3.0 0.0 2.0 1.0 1.0 4.0 3.0 2.0 3.0 4.0 1.0 5.0 6.0 4.0 2.0 1.0 2.0 2.0 5.0 2.0 1.0 1.0 1.0 1.0 2.0 0.0 4.0 3.0 2.0 1.0 2.0 1.0 6.0 2.0 4.0 2.0 0.0 4.0 0.0 3.0 6.0 0.0
p77 2.0 0.0 3.0 2.0 3.0 0.0 2.0 0.0 3.0 5.0 6.0 2.0 4.0 2.0 0.0 0.0 0.0 2.0 1.0 0.0 6.0 3.0 4.0 6.0 3.0 0.0 3.0 2.0 3.0 0.0 2.0 6.0 5.0 5.0 2.0 2.0 0.0 1.0 3.0 2.0 1.0 0.0 6.0 5.0 2.0 5.0 0.0 1.0
p78 0.0 4.0 1.0 6.0 2.0 5.0 6.0 1.0 1.0 0.0 5.0 2.0 4.0 2.0 4.0 1.0 0.0 2.0 4.0 4.0 2.0 4.0 6.0 6.0 6.0 6.0 3.0 2.0 6.0 4.0 4.0 4.0 4.0 5.0 0.0 5.0 6.0 2.0 2.0 0.0 3.0 4.0 0.0 5.0 1.0 2.0 1.0 5.0
p79 4.0 4.0 5.0 0.0 3.0 3.0 6.0 2.0 4.0 3.0 3.0 1.0 5.0 5.0 3.0 4.0 1.0 0.0 2.0 2.0 6.0 6.0 1.0 6.0 5.0 1.0 0.0 3.0 0.0 1.0 6.0 6.0 4.0 0.0 0.0 6.0 2.0 5.0 1.0 3.0 4.0 3.0 3.0 6.0 2.0 6.0 2.0 6.0
p80 6.0 1.0 0.0 1.0 0.0 1.0 0.0 2.0 3.0 6.0 2.0 6.0 1.0 5.0 2.0 0.0 4.0 2.0 4.0 1.0 3.0 2.0 2.0 1.0 3.0 3.0 2.0 3.0 2.0 5.0 3.0 0.0 2.0 6.0 1.0 4.0 6.0 3.0 1.0 5.0 2.0 1.0 3.0 1.0 1.0 5.0 4.0 0.0
p81 2.0 2.0 0.0 2.0 0.0 2.0 5.0 5.0 6.0 4.0 4.0 0.0 2.0 1.0 4.0 0.0 6.0 3.0 3.0 5.0 1.0 6.0 4.0 6.0 6.0 2.0 1.0 6.0 2.0 6.0 6.0 2.0 2.0 0.0 5.0 3.0 2.0 0.0 3.0 1.0 3.0 1.0 5.0 2.0 6.0 3.0 2.0 1.0
p82 4.0 0.0 1.0 0.0 4.0 5.0 3.0 5.0 1.0 1.0 4.0 3.0 2.0 1.0 6.0 4.0 0.0 0.0 4.0 4.0 0.0 1.0 0.0 5.0 5.0 2.0 1.0 0.0 4.0 5.0 0.0 5.0 4.0 2.0 6.0 4.0 3.0 4.0 0.0 2.0 3.0 1.0 2.0 1.0 1.0 1.0 0.0 2.0
p83 3.0 3.0 4.0 0.0 6.0 0.0 6.0 3.0 4.0 1.0 0.0 0.0 0.0 6.0 6.0 6.0 2.0 2.0 0.0 3.0 6.0 0.0 0.0 1.0 3.0 1.0 5.0 2.0 2.0 4.0 2.0 1.0 1.0 4.0 2.0 1.0 3.0 0.0 3.0 0.0 2.0 4.0 3.0 1.0 6.0 0.0 0.0 6.0
p84 0.0 5.0 4.0 0.0 6.0 6.0 0.0 1.0 0.0 2.0 4.0 2.0 0.0 5.0 2.0 6.0 2.0 0.0 0.0 0.0 0.0 5.0 6.0 6.0 6.0 1.0 5.0 1.0 3.0 5.0 4.0 6.0 1.0 4.0 0.0 0.0 1.0 2.0 1.0 3.0 3.0 4.0 6.0 1.0 1.0 0.0 5.0 6.0
p85 1.0 0.0 3.0 0.0 1.0 0.0 4.0 2.0 1.0 3.0 0.0 5.0 0.0 5.0 6.0 3.0 0.0 0.0 2.0 3.0 6.0 2.0 3.0 4.0 4.0 3.0 3.0 5.0 2.0 3.0 3.0 4.0 2.0 4.0 1.0 6.0 6.0 2.0 0.0 2.0 4.0 0.0 0.0 5.0 5.0 4.0 1.0 6.0
p86 2.0 6.0 4.0 6.0 3.0 3.0 2.0 0.0 2.0 5.0 1.0 3.0 5.0 4.0 2.0 3.0 0.0 0.0 4.0 2.0 3.0 6.0 6.0 4.0 5.0 2.0 5.0 0.0 3.0 1.0 2.0 0.0 0.0 0.0 6.0 1.0 3.0 2.0 3.0 1.0 0.0 0.0 1.0 0.0 0.0 5.0 6.0 2.0
p87 6.0 2.0 2.0 1.0 2.0 0.0 2.0 5.0 1.0 0.0 3.0 6.0 1.0 3.0 3.0 4.0 3.0 0.0 0.0 2.0 2.0 2.0 0.0 6.0 4.0 5.0 0.0 6.0 4.0 1.0 2.0 2.0 0.0 2.0 1.0 4.0 4.0 0.0 1.0 4.0 6.0 2.0 1.0 5.0 0.0 2.0 2.0 2.0
p88 0.0 5.0 1.0 2.0 0.0 1.0 3.0 6.0 3.0 4.0 2.0 2.0 5.0 3.0 5.0 3.0 5.0 6.0 1.0 4.0 5.0 0.0 4.0 5.0 0.0 1.0 4.0 4.0 5.0 0.0 0.0 0.0 1.0 2.0 4.0 5.0 1.0 2.0 1.0 0.0 3.0 6.0 4.0 1.0 1.0 1.0 1.0 2.0
p89 2.0 6.0 1.0 4.0 1.0 0.0 5.0 0.0 0.0 5.0 5.0 0.0 0.0 2.0 3.0 2.0 4.0 6.0 1.0 2.0 4.0 6.0 6.0 1.0 1.0 3.0 5.0 5.0 3.0 0.0 2.0 2.0 2.0 0.0 3.0 4.0 3.0 4.0 2.0 5.0 0.0 4.0 3.0 0.0 1.0 5.0 0.0 5.0
p90 2.0 6.0 1.0 1.0 2.0 1.0 4.0 3.0 3.0 4.0 0.0 3.0 3.0 6.0 1.0 0.0 0.0 4.0 0.0 6.0 4.0 6.0 4.0 6.0 3.0 6.0 0.0 2.0 6.0 1.0 4.0 3.0 3.0 6.0 6.0 5.0 4.0 6.0 0.0 2.0 0.0 0.0 6.0 1.0 0.0 6.0 1.0 0.0
p91 0.0 2.0 0.0 2.0 6.0 2.0 1.0 5.0 1.0 6.0 3.0 5.0 6.0 5.0 6.0 0.0 4.0 0.0 4.0 1.0 0.0 6.0 1.0 2.0 3.0 0.0 4.0 1.0 3.0 2.0 5.0 2.0 0.0 6.0 6.0 4.0 4.0 2.0 3.0 5.0 2.0 5.0 1.0 1.0 4.0 3.0 5.0 2.0
p92 6.0 0.0 3.0 6.0 4.0 2.0 0.0 2.0 6.0 5.0 5.0 1.0 5.0 3.0 4.0 4.0 4.0 2.0 3.0 0.0 2.0 2.0 1.0 1.0 2.0 2.0 6.0 3.0 3.0 3.0 3.0 0.0 0.0 6.0 0.0 0.0 3.0 4.0 5.0 0.0 0.0 0.0 6.0 6.0 3.0 5.0 2.0 6.0
p93 3.0 6.0 1.0 1.0 3.0 2.0 3.0 0.0 0.0 0.0 4.0 5.0 6.0 6.0 1.0 2.0 2.0 5.0 1.0 0.0 6.0 2.0 6.0 2.0 0.0 0.0 4.0 2.0 0.0 6.0 4.0 1.0 2.0 6.0 4.0 0.0 5.0 3.0 2.0 5.0 6.0 3.0 2.0 3.0 3.0 4.0 5.0 2.0
p94 1.0 5.0 2.0 6.0 6.0 3.0 6.0 3.0 3.0 6.0 3.0 2.0 3.0 4.0 0.0 6.0 4.0 0.0 4.0 2.0 5.0 1.0 3.0 3.0 0.0 0.0 3.0 0.0 4.0 6.0 0.0 2.0 1.0 0.0 2.0 4.0 3.0 5.0 4.0 5.0 0.0 4.0 6.0 6.0 4.0 6.0 2.0 5.0
p95 4.0 3.0 0.0 4.0 1.0 6.0 1.0 5.0 0.0 1.0 0.0 0.0 1.0 4.0 6.0 1.0 4.0 4.0 4.0 0.0 3.0 2.0 5.0 0.0 4.0 0.0 2.0 0.0 3.0 1.0 0.0 3.0 3.0 5.0 0.0 3.0 1.0 5.0 4.0 0.0 0.0 5.0 2.0 3.0 4.0 3.0 1.0 5.0
p96 3.0 3.0 0.0 0.0 0.0 1.0 1.0 1.0 5.0 2.0 3.0 0.0 5.0 4.0 1.0 2.0 3.0 5.0 6.0 2.0 4.0 3.0 3.0 2.0 0.0 1.0 6.0 5.0 0.0 2.0 6.0 5.0 5.0 1.0 3.0 0.0 3.0 6.0 1.0 0.0 2.0 0.0 4.0 6.0 3.0 2.0 6.0 0.0
p97 3.0 1.0 1.0 2.0 3.0 0.0 4.0 6.0 3.0 2.0 6.0 6.0 0.0 0.0 6.0 1.0 3.0 1.0 6.0 4.0 6.0 0.0 6.0 1.0 1.0 5.0 0.0 3.0 1.0 5.0 5.0 3.0 0.0 5.0 4.0 0.0 0.0 6.0 4.0 0.0 6.0 6.0 4.0 2.0 6.0 3.0 4.0 0.0
p98 3.0 0.0 6.0 0.0 3.0 5.0 5.0 1.0 3.0 2.0 0.0 5.0 1.0 0.0 4.0 2.0 6.0 0.0 1.0 4.0 2.0 6.0 5.0 5.0 3.0 0.0 5.0 0.0 1.0 3.0 0.0 1.0 2.0 0.0 5.0 1.0 1.0 0.0 1.0 5.0 2.0 2.0 6.0 0.0 4.0 6.0 3.0 6.0
p99 1.0 0.0 0.0 4.0 0.0 3.0 4.0 1.0 4.0 5.0 6.0 4.0 5.0 0.0 4.0 4.0 6.0 1.0 5.0 3.0 5.0 6.0 0.0 2.0 5.0 1.0 0.0 4.0 2.0 5.0 0.0 2.0 5.0 1.0 2.0 0.0 1.0 0.0 4.0 1.0 6.0 1.0 3.0 4.0 1.0 2.0 5.0 4.0
p100 4.0 5.0 0.0 1.0 4.0 6.0 1.0 0.0 3.0 5.0 3.0 4.0 4.0 4.0 1.0 1.0 5.0 2.0 6.0 4.0 3.0 5.0 4.0 2.0 2.0 2.0 6.0 2.0 0.0 5.0 5.0 6.0 0.0 3.0 4.0 1.0 4.0 3.0 5.0 6.0 3.0 1.0 6.0 2.0 0.0 4.0 2.0 2.0
p101 0.0 1.0 0.0 5.0 3.0 0.0 5.0 1.0 1.0 1.0 0.0 6.0 4.0 5.0 6.0 1.0 1.0 4.0 3.0 3.0 6.0 1.0 2.0 3.0 1.0 3.0 6.0 6.0 2.0 1.0 3.0 6.0 0.0 2.0 5.0 2.0 4.0 5.0 2.0 1.0 5.0 0.0 6.0 6.0 2.0 3.0 0.0 6.0
p102 0.0 4.0 0.0 6.0 0.0 4.0 5.0 5.0 0.0 5.0 4.0 1.0 1.0 2.0 2.0 3.0 6.0 0.0 6.0 6.0 4.0 3.0 3.0 6.0 5.0 2.0 6.0 1.0 2.0 0.0 1.0 4.0 6.0 3.0 4.0 5.0 6.0 1.0 2.0 5.0 0.0 2.0 0.0 6.0 2.0 6.0 3.0 5.0
p103 5.0 6.0 5.0 1.0 0.0 0.0 5.0 3.0 2.0 1.0 3.0 3.0 1.0 2.0 2.0 3.0 6.0 4.0 0.0 0.0 3.0 4.0 0.0 2.0 5.0 4.0 0.0 2.0 6.0 1.0 6.0 3.0 1.0 6.0 5.0 3.0 3.0 0.0 4.0 2.0 4.0 1.0 2.0 1.0 1.0 1.0 0.0 3.0
p104 6.0 0.0 1.0 1.0 0.0 6.0 1.0 1.0 6.0 2.0 5.0 2.0 1.0 6.0 0.0 5.0 4.0 5.0 1.0 5.0 4.0 2.0 6.0 2.0 4.0 4.0 4.0 0.0 2.0 3.0 6.0 1.0 4.0 1.0 0.0 1.0 5.0 6.0 4.0 0.0 2.0 4.0 4.0 5.0 4.0 0.0 0.0 1.0
p105 3.0 6.0 3.0 0.0 3.0 0.0 3.0 2.0 0.0 4.0 1.0 1.0 6.0 0.0 6.0 0.0 5.0 2.0 1.0 2.0 2.0 4.0 2.0 3.0 1.0 3.0 1.0 3.0 6.0 0.0 1.0 1.0 0.0 6.0 6.0 1.0 6.0 2.0 2.0 3.0 2.0 2.0 3.0 2.0 5.0 4.0 1.0 1.0
p106 3.0 5.0 0.0 1.0 3.0 6.0 1.0 0.0 1.0 0.0 2.0 2.0 3.0 5.0 2.0 6.0 4.0 2.0 0.0 5.0 1.0 5.0 3.0 0.0 3.0 1.0 6.0 0.0 0.0 6.0 4.0 4.0 0.0 4.0 0.0 4.0 5.0 2.0 6.0 5.0 4.0 1.0 6.0 0.0 0.0 2.0 1.0 5.0
p107 4.0 0.0 6.0 0.0 4.0 4.0 5.0 6.0 2.0 1.0 0.0 3.0 1.0 5.0 0.0 2.0 5.0 5.0 6.0 4.0 3.0 2.0 4.0 3.0 1.0 4.0 0.0 2.0 0.0 2.0 1.0 1.0 6.0 5.0 2.0 4.0 2.0 1.0 3.0 4.0 1.0 6.0 4.0 4.0 5.0 4.0 0.0 6.0
p108 2.0 0.0 5.0 0.0 1.0 3.0 6.0 4.0 2.0 6.0 2.0 5.0 1.0 3.0 5.0 0.0 0.0 6.0 5.0 2.0 0.0 6.0 6.0 0.0 0.0 2.0 6.0 2.0 1.0 2.0 3.0 4.0 0.0 3.0 2.0 1.0 1.0 1.0 2.0 3.0 2.0 1.0 0.0 3.0 5.0 3.0 0.0 0.0
p109 3.0 1.0 3.0 2.0 4.0 6.0 1.0 1.0 3.0 3.0 4.0 0.0 1.0 5.0 3.0 1.0 6.0 5.0 6.0 4.0 5.0 3.0 6.0 1.0 1.0 4.0 1.0 1.0 3.0 1.0 0.0 6.0 4.0 0.0 4.0 5.0 4.0 4.0 2.0 3.0 4.0 1.0 6.0 5.0 4.0 1.0 2.0 2.0
p110 1.0 4.0 2.0 2.0 0.0 3.0 5.0 2.0 5.0 5.0 3.0 3.0 0.0 3.0 1.0 6.0 4.0 5.0 2.0 2.0 0.0 5.0 6.0 6.0 1.0 0.0 0.0 4.0 0.0 2.0 2.0 4.0 5.0 4.0 5.0 0.0 3.0 5.0 4.0 6.0 3.0 2.0 4.0 6.0 3.0 2.0 1.0 3.0
p111 0.0 1.0 6.0 5.0 6.0 5.0 5.0 5.0 0.0 0.0 5.0 0.0 6.0 2.0 2.0 4.0 2.0 5.0 4.0 2.0 4.0 0.0 6.0 2.0 2.0 5.0 2.0 5.0 6.0 1.0 1.0 4.0 2.0 1.0 0.0 4.0 2.0 2.0 3.0 6.0 6.0 1.0 2.0 3.0 1.0 1.0 4.0 4.0
p112 1.0 6.0 0.0 1.0 3.0 0.0 3.0 3.0 4.0 4.0 0.0 4.0 3.0 5.0 6.0 0.0 0.0 5.0 6.0 1.0 5.0 2.0 0.0 1.0 0.0 6.0 6.0 1.0 5.0 4.0 0.0 2.0 3.0 1.0 3.0 1.0 0.0 4.0 4.0 0.0 1.0 0.0 6.0 0.0 2.0 1.0 1.0 2.0
p113 5.0 3.0 6.0 6.0 2.0 0.0 2.0 5.0 1.0 0.0 0.0 6.0 2.0 4.0 5.0 1.0 2.0 6.0 1.0 3.0 2.0 6.0 0.0 3.0 0.0 3.0 6.0 4.0 6.0 2.0 4.0 0.0 2.0 4.0 1.0 1.0 0.0 5.0 2.0 6.0 0.0 0.0 6.0 0.0 0.0 5.0 4.0 0.0
p114 4.0 0.0 5.0 0.0 6.0 3.0 3.0 2.0 5.0 6.0 0.0 5.0 1.0 4.0 4.0 5.0 3.0 3.0 3.0 4.0 1.0 5.0 1.0 0.0 3.0 5.0 4.0 5.0 3.0 6.0 5.0 4.0 2.0 1.0 2.0 3.0 5.0 5.0 0.0 6.0 3.0 1.0 2.0 1.0 0.0 4.0 4.0 2.0
p115 3.0 3.0 4.0 0.0 4.0 4.0 6.0 6.0 5.0 4.0 4.0 6.0 4.0 6.0 2.0 5.0 3.0 4.0 3.0 0.0 1.0 1.0 1.0 3.0 6.0 1.0 4.0 2.0 4.0 0.0 0.0 2.0 5.0 5.0 5.0 1.0 1.0 1.0 3.0 5.0 3.0 6.0 4.0 1.0 4.0 2.0 2.0 5.0
p116 0.0 2.0 4.0 6.0 2.0 5.0 3.0 4.0 5.0 0.0 0.0 0.0 0.0 0.0 5.0 1.0 1.0 6.0 0.0 3.0 1.0 5.0 1.0 0.0 5.0 6.0 4.0 6.0 0.0 0.0 0.0 4.0 1.0 2.0 2.0 1.0 2.0 0.0 0.0 1.0 6.0 4.0 2.0 0.0 5.0 6.0 5.0 3.0
p117 0.0 1.0 6.0 2.0 6.0 3.0 0.0 3.0 4.0 0.0 3.0 1.0 3.0 5.0 1.0 0.0 5.0 1.0 1.0 6.0 1.0 3.0 1.0 0.0 5.0 0.0 2.0 4.0 1.0 6.0 2.0 6.0 2.0 0.0 0.0 1.0 0.0 2.0 6.0 3.0 0.0 5.0 0.0 2.0 0.0 5.0 2.0 2.0
p118 1.0 4.0 3.0 5.0 1.0 5.0 6.0 1.0 0.0 1.0 4.0 3.0 3.0 5.0 0.0 6.0 6.0 4.0 1.0 1.0 1.0 0.0 0.0 2.0 0.0 1.0 6.0 4.0 1.0 0.0 4.0 2.0 2.0 3.0 1.0 0.0 2.0 4.0 6.0 5.0 2.0 3.0 4.0 6.0 6.0 2.0 4.0 4.0
p119 1.0 6.0 3.0 4.0 2.0 6.0 0.0 1.0 0.0 4.0 1.0 2.0 2.0 2.0 4.0 4.0 3.0 6.0 2.0 0.0 5.0 0.0 0.0 2.0 6.0 1.0 1.0 0.0 1.0 4.0 1.0 3.0 4.0 2.0 3.0 2.0 5.0 4.0 0.0 6.0 2.0 3.0 1.0 3.0 1.0 1.0 2.0 6.0
p120 5.0 0.0 0.0 5.0 1.0 0.0 3.0 2.0 1.0 0.0 4.0 2.0 2.0 1.0 5.0 3.0 0.0 1.0 3.0 2.0 1.0 0.0 0.0 4.0 0.0 1.0 5.0 1.0 6.0 3.0 0.0 0.0 6.0 6.0 6.0 6.0 0.0 2.0 2.0 1.0 6.0 0.0 4.0 6.0 2.0 4.0 0.0 4.0
p121 1.0 0.0 0.0 2.0 5.0 3.0 0.0 0.0 3.0 1.0 4.0 4.0 0.0 1.0 2.0 1.0 2.0 0.0 3.0 3.0 3.0 4.0 5.0 4.0 2.0 2.0 1.0 1.0 6.0 5.0 0.0 2.0 5.0 0.0 5.0 2.0 0.0 2.0 5.0 1.0 0.0 4.0 0.0 5.0 3.0 4.0 1.0 1.0
p122 2.0 3.0 2.0 6.0 0.0 6.0 6.0 1.0 6.0 3.0 5.0 1.0 1.0 0.0 4.0 6.0 5.0 0.0 3.0 4.0 4.0 1.0 1.0 1.0 0.0 0.0 3.0 2.0 6.0 5.0 6.0 4.0 2.0 2.0 1.0 4.0 6.0 5.0 3.0 1.0 0.0 5.0 2.0 5.0 5.0 3.0 5.0 5.0
p123 2.0 2.0 5.0 6.0 6.0 5.0 1.0 1.0 4.0 2.0 1.0 3.0 5.0 1.0 0.0 6.0 0.0 1.0 5.0 6.0 5.0 5.0 5.0 1.0 1.0 3.0 3.0 6.0 6.0 5.0 0.0 0.0 5.0 4.0 1.0 0.0 2.0 1.0 1.0 4.0 1.0 2.0 0.0 2.0 1.0 2.0 0.0 5.0
p124 0.0 1.0 1.0 4.0 6.0 6.0 6.0 1.0 0.0 0.0 3.0 0.0 0.0 4.0 0.0 1.0 1.0 0.0 6.0 5.0 0.0 0.0 5.0 0.0 1.0 4.0 5.0 3.0 1.0 0.0 0.0 3.0 1.0 4.0 3.0 6.0 4.0 6.0 1.0 0.0 0.0 2.0 4.0 2.0 1.0 2.0 0.0 6.0
p125 1.0 1.0 0.0 2.0 4.0 0.0 0.0 6.0 5.0 0.0 2.0 5.0 0.0 3.0 2.0 5.0 4.0 1.0 5.0 0.0 3.0 4.0 4.0 5.0 5.0 4.0 5.0 6.0 0.0 2.0 3.0 1.0 1.0 4.0 1.0 0.0 0.0 0.0 0.0 4.0 3.0 5.0 3.0 4.0 2.0 0.0 1.0 2.0
p126 0.0 4.0 2.0 2.0 1.0 1.0 0.0 3.0 3.0 4.0 1.0 5.0 0.0 4.0 0.0 1.0 3.0 2.0 1.0 5.0 5.0 2.0 0.0 4.0 0.0 5.0 2.0 1.0 5.0 2.0 2.0 4.0 3.0 0.0 6.0 1.0 4.0 5.0 5.0 4.0 3.0 0.0 0.0 6.0 4.0 6.0 1.0 5.0
p127 4.0 2.0 2.0 0.0 5.0 3.0 5.0 5.0 3.0 0.0 0.0 4.0 3.0 1.0 4.0 0.0 1.0 5.0 6.0 6.0 1.0 5.0 0.0 5.0 2.0 6.0 0.0 4.0 5.0 3.0 0.0 5.0 1.0 4.0 3.0 3.0 2.0 2.0 0.0 6.0 2.0 3.0 0.0 0.0 0.0 4.0 0.0 1.0
p128 4.0 0.0 1.0 3.0 2.0 3.0 1.0 5.0 1.0 1.0 2.0 0.0 1.0 0.0 3.0 6.0 1.0 3.0 2.0 1.0 5.0 4.0 3.0 4.0 3.0 2.0 2.0 2.0 5.0 2.0 3.0 0.0 1.0 1.0 5.0 0.0 1.0 3.0 0.0 4.0 2.0 2.0 6.0 4.0 2.0 6.0 4.0 4.0
p129 0.0 0.0 5.0 3.0 0.0 5.0 2.0 4.0 5.0 1.0 6.0 6.0 6.0 2.0 1.0 6.0 4.0 3.0 1.0 5.0 2.0 4.0 5.0 4.0 2.0 0.0 4.0 4.0 2.0 0.0 2.0 5.0 4.0 1.0 5.0 0.0 4.0 4.0 1.0 2.0 1.0 1.0 3.0 4.0 0.0 4.0 5.0 0.0
p130 3.0 1.0 3.0 0.0 1.0 6.0 2.0 0.0 3.0 3.0 5.0 5.0 6.0 4.0 6.0 4.0 3.0 5.0 2.0 4.0 5.0 2.0 2.0 2.0 4.0 4.0 6.0 2.0 4.0 0.0 0.0 3.0 6.0 5.0 2.0 6.0 1.0 5.0 3.0 2.0 4.0 0.0 2.0 6.0 0.0 1.0 3.0 3.0
p131 5.0 6.0 5.0 5.0 3.0 6.0 6.0 0.0 6.0 3.0 6.0 5.0 2.0 5.0 4.0 4.0 6.0 2.0 6.0 5.0 1.0 0.0 5.0 1.0 6.0 0.0 0.0 4.0 1.0 3.0 1.0 6.0 2.0 4.0 3.0 3.0 3.0 1.0 0.0 6.0 4.0 2.0 0.0 5.0 6.0 0.0 5.0 5.0
p132 0.0 4.0 0.0 4.0 3.0 6.0 1.0 0.0 4.0 5.0 0.0 5.0 3.0 3.0 1.0 6.0 4.0 1.0 3.0 1.0 1.0 2.0 4.0 6.0 2.0 2.0 0.0 0.0 0.0 4.0 2.0 1.0 4.0 6.0 3.0 1.0 4.0 1.0 4.0 2.0 4.0 5.0 1.0 4.0 0.0 0.0 5.0 1.0
p133 5.0 1.0 4.0 3.0 6.0 3.0 4.0 2.0 4.0 4.0 4.0 6.0 5.0 1.0 1.0 1.0 1.0 3.0 0.0 1.0 2.0 3.0 4.0 1.0 0.0 2.0 2.0 1.0 3.0 4.0 1.0 2.0 1.0 6.0 4.0 2.0 3.0 2.0 3.0 1.0 0.0 1.0 0.0 1.0 0.0 0.0 2.0 4.0
p134 2.0 2.0 5.0 6.0 2.0 1.0 0.0 5.0 0.0 1.0 1.0 6.0 2.0 2.0 6.0 5.0 2.0 6.0 5.0 1.0 1.0 4.0 1.0 3.0 3.0 4.0 1.0 5.0 0.0 3.0 5.0 5.0 4.0 0.0 5.0 2.0 3.0 4.0 5.0 5.0 4.0 2.0 4.0 2.0 6.0 1.0 2.0 1.0
p135 5.0 4.0 2.0 1.0 4.0 6.0 6.0 4.0 0.0 3.0 1.0 1.0 3.0 5.0 3.0 1.0 4.0 1.0 5.0 3.0 6.0 1.0 0.0 3.0 2.0 4.0 6.0 3.0 3.0 2.0 3.0 3.0 1.0 3.0 2.0 0.0 1.0 2.0 0.0 1.0 0.0 0.0 1.0 6.0 2.0 0.0 1.0 1.0
p136 4.0 5.0 3.0 1.0 4.0 5.0 3.0 6.0 5.0 1.0 6.0 3.0 6.0 4.0 4.0 2.0 0.0 1.0 3.0 1.0 3.0 2.0 5.0 1.0 6.0 0.0 5.0 3.0 5.0 4.0 3.0 3.0 3.0 3.0 4.0 2.0 1.0 3.0 6.0 1.0 0.0 1.0 0.0 4.0 1.0 6.0 1.0 2.0
p137 6.0 3.0 3.0 2.0 0.0 4.0 3.0 0.0 5.0 5.0 0.0 0.0 3.0 2.0 5.0 3.0 3.0 6.0 5.0 1.0 1.0 3.0 4.0 1.0 1.0 1.0 2.0 1.0 5.0 5.0 6.0 3.0 0.0 4.0 1.0 1.0 4.0 6.0 2.0 3.0 6.0 2.0 5.0 6.0 2.0 0.0 2.0 3.0
p138 5.0 1.0 2.0 2.0 0.0 5.0 5.0 2.0 4.0 3.0 6.0 6.0 4.0 2.0 4.0 5.0 4.0 5.0 1.0 4.0 6.0 1.0 0.0 3.0 2.0 4.0 2.0 2.0 4.0 5.0 3.0 4.0 3.0 1.0 3.0 4.0 6.0 2.0 0.0 1.0 4.0 0.0 5.0 4.0 3.0 2.0 0.0 2.0
p139 1.0 1.0 4.0 4.0 3.0 2.0 4.0 3.0 5.0 4.0 5.0 5.0 3.0 6.0 3.0 5.0 6.0 4.0 0.0 2.0 2.0 2.0 6.0 4.0 6.0 3.0 0.0 1.0 6.0 3.0 4.0 2.0 3.0 2.0 5.0 6.0 1.0 4.0 2.0 0.0 0.0 3.0 5.0 1.0 4.0 4.0 5.0 3.0
p140 3.0 1.0 5.0 4.0 0.0 5.0 2.0 6.0 5.0 3.0 2.0 1.0 4.0 6.0 6.0 3.0 1.0 1.0 1.0 6.0 2.0 1.0 2.0 2.0 4.0 0.0 5.0 1.0 1.0 6.0 4.0 1.0 3.0 4.0 6.0 6.0 4.0 0.0 2.0 4.0 2.0 1.0 6.0 4.0 1.0 5.0 3.0 3.0
p141 0.0 1.0 0.0 3.0 3.0 0.0 3.0 1.0 5.0 1.0 5.0 4.0 1.0 5.0 0.0 5.0 3.0 2.0 6.0 4.0 3.0 0.0 6.0 4.0 2.0 5.0 1.0 0.0 0.0 4.0 3.0 0.0 3.0 3.0 0.0 0.0 4.0 6.0 1.0 5.0 5.0 0.0 0.0 0.0 0.0 5.0 0.0 3.0
p142 3.0 2.0 4.0 0.0 0.0 5.0 2.0 1.0 1.0 3.0 2.0 5.0 4.0 2.0 6.0 6.0 6.0 4.0 6.0 3.0 3.0 1.0 6.0 2.0 4.0 2.0 0.0 5.0 6.0 5.0 4.0 2.0 1.0 4.0 4.0 6.0 3.0 3.0 0.0 6.0 2.0 1.0 3.0 1.0 3.0 1.0 2.0 6.0
p143 4.0 0.0 0.0 4.0 3.0 6.0 5.0 2.0 5.0 4.0 1.0 1.0 0.0 0.0 3.0 5.0 1.0 3.0 1.0 3.0 6.0 5.0 1.0 2.0 3.0 5.0 1.0 4.0 4.0 3.0 0.0 5.0 0.0 2.0 2.0 6.0 4.0 5.0 1.0 5.0 5.0 5.0 3.0 1.0 2.0 1.0 3.0 3.0
p144 1.0 2.0 4.0 3.0 3.0 1.0 0.0 3.0 0.0 3.0 0.0 4.0 2.0 5.0 0.0 0.0 1.0 1.0 3.0 3.0 5.0 1.0 3.0 1.0 0.0 4.0 3.0 1.0 6.0 0.0 5.0 0.0 1.0 6.0 6.0 5.0 5.0 6.0 0.0 2.0 1.0 6.0 3.0 5.0 3.0 6.0 2.0 3.0
p145 0.0 2.0 6.0 4.0 1.0 0.0 6.0 5.0 3.0 3.0 1.0 6.0 0.0 5.0 4.0 2.0 0.0 0.0 1.0 3.0 5.0 2.0 0.0 2.0 1.0 0.0 1.0 5.0 0.0 6.0 2.0 5.0 6.0 1.0 4.0 4.0 4.0 0.0 0.0 0.0 2.0 1.0 3.0 4.0 4.0 3.0 2.0 1.0
p146 3.0 2.0 1.0 0.0 3.0 2.0 5.0 2.0 3.0 1.0 3.0 1.0 1.0 2.0 5.0 2.0 5.0 2.0 4.0 0.0 6.0 0.0 6.0 5.0 1.0 0.0 4.0 6.0 0.0 4.0 1.0 3.0 0.0 0.0 1.0 0.0 6.0 4.0 2.0 4.0 3.0 1.0 1.0 0.0 5.0 3.0 2.0 4.0
p147 6.0 0.0 2.0 3.0 5.0 1.0 0.0 0.0 1.0 3.0 6.0 3.0 5.0 5.0 5.0 3.0 0.0 5.0 0.0 3.0 2.0 0.0 2.0 6.0 5.0 4.0 2.0 3.0 3.0 6.0 0.0 6.0 3.0 2.0 4.0 0.0 5.0 3.0 5.0 0.0 0.0 4.0 3.0 3.0 4.0 0.0 2.0 5.0
p148 2.0 3.0 2.0 1.0 3.0 0.0 4.0 4.0 1.0 6.0 5.0 0.0 6.0 6.0 1.0 6.0 3.0 6.0 3.0 1.0 3.0 3.0 5.0 5.0 5.0 3.0 1.0 2.0 4.0 6.0 0.0 3.0 2.0 3.0 3.0 2.0 1.0 4.0 1.0 6.0 5.0 2.0 6.0 3.0 0.0 5.0 0.0 1.0
p149 0.0 1.0 2.0 2.0 6.0 5.0 0.0 6.0 6.0 4.0 2.0 0.0 4.0 6.0 4.0 3.0 5.0 4.0 2.0 3.0 4.0 6.0 2.0 4.0 2.0 0.0 1.0 0.0 4.0 4.0 2.0 6.0 4.0 0.0 2.0 2.0 5.0 5.0 4.0 0.0 3.0 3.0 4.0 2.0 5.0 1.0 6.0 2.0
p150 1.0 3.0 0.0 0.0 0.0 2.0 2.0 2.0 3.0 1.0 4.0 6.0 2.0 1.0 2.0 0.0 0.0 5.0 0.0 2.0 0.0 2.0 2.0 0.0 3.0 1.0 6.0 3.0 1.0 0.0 6.0 0.0 4.0 1.0 3.0 3.0 0.0 0.0 0.0 0.0 6.0 1.0 6.0 3.0 1.0 0.0 3.0 5.0
p151 5.0 1.0 1.0 6.0 6.0 6.0 6.0 3.0 2.0 2.0 0.0 2.0 4.0 6.0 5.0 4.0 0.0 4.0 6.0 3.0 1.0 0.0 0.0 5.0 4.0 2.0 3.0 3.0 5.0 4.0 1.0 6.0 5.0 1.0 1.0 2.0 5.0 1.0 3.0 2.0 3.0 5.0 5.0 6.0 3.0 3.0 5.0 6.0
p152 6.0 6.0 4.0 0.0 2.0 6.0 0.0 1.0 3.0 4.0 4.0 1.0 4.0 0.0 5.0 2.0 2.0 1.0 2.0 0.0 2.0 3.0 3.0 0.0 5.0 4.0 6.0 5.0 0.0 4.0 5.0 2.0 6.0 6.0 3.0 2.0 2.0 4.0 2.0 6.0 4.0 5.0 5.0 4.0 6.0 5.0 2.0 5.0
p153 6.0 3.0 4.0 6.0 4.0 2.0 6.0 1.0 0.0 6.0 6.0 1.0 2.0 6.0 3.0 0.0 2.0 4.0 6.0 1.0 3.0 4.0 6.0 5.0 1.0 0.0 1.0 5.0 4.0 5.0 0.0 4.0 6.0 3.0 3.0 6.0 3.0 5.0 4.0 5.0 2.0 2.0 3.0 5.0 4.0 3.0 3.0 2.0
p154 1.0 4.0 1.0 6.0 4.0 1.0 4.0 1.0 3.0 5.0 5.0 5.0 5.0 0.0 1.0 2.0 4.0 5.0 0.0 5.0 5.0 2.0 3.0 2.0 4.0 0.0 6.0 4.0 1.0 5.0 2.0 1.0 1.0 0.0 1.0 1.0 4.0 1.0 2.0 0.0 2.0 0.0 4.0 6.0 2.0 0.0 4.0 2.0
p155 1.0 1.0 5.0 4.0 4.0 5.0 6.0 4.0 4.0 3.0 5.0 4.0 4.0 5.0 5.0 3.0 6.0 2.0 1.0 0.0 1.0 5.0 1.0 2.0 0.0 0.0 0.0 4.0 4.0 3.0 6.0 1.0 2.0 0.0 2.0 3.0 4.0 3.0 2.0 3.0 0.0 6.0 4.0 3.0 4.0 1.0 6.0 5.0
p156 4.0 4.0 1.0 0.0 4.0 2.0 4.0 0.0 6.0 5.0 2.0 0.0 1.0 3.0 4.0 2.0 3.0 0.0 6.0 5.0 5.0 3.0 2.0 5.0 1.0 6.0 0.0 0.0 1.0 4.0 3.0 1.0 0.0 1.0 3.0 6.0 5.0 0.0 2.0 5.0 1.0 5.0 2.0 6.0 0.0 5.0 6.0 5.0
p157 6.0 4.0 3.0 0.0 6.0 5.0 0.0 5.0 2.0 0.0 0.0 0.0 0.0 3.0 3.0 2.0 1.0 5.0 4.0 5.0 5.0 1.0 4.0 5.0 4.0 6.0 4.0 6.0 1.0 2.0 0.0 3.0 5.0 5.0 5.0 0.0 1.0 3.0 6.0 1.0 0.0 3.0 5.0 1.0 1.0 1.0 2.0 0.0
p158 4.0 0.0 4.0 0.0 2.0 2.0 1.0 1.0 1.0 0.0 5.0 1.0 5.0 0.0 1.0 5.0 3.0 0.0 4.0 3.0 1.0 6.0 1.0 2.0 5.0 1.0 0.0 0.0 0.0 0.0 0.0 6.0 0.0 1.0 6.0 0.0 5.0 5.0 4.0 1.0 4.0 3.0 3.0 2.0 1.0 6.0 0.0 2.0
p159 4.0 3.0 6.0 4.0 1.0 0.0 0.0 2.0 1.0 1.0 1.0 2.0 2.0 0.0 4.0 1.0 3.0 5.0 0.0 0.0 1.0 1.0 4.0 4.0 3.0 5.0 5.0 3.0 3.0 6.0 3.0 1.0 2.0 2.0 2.0 1.0 2.0 1.0 5.0 2.0 0.0 3.0 3.0 4.0 2.0 1.0 2.0 3.0
p160 3.0 4.0 4.0 6.0 1.0 0.0 5.0 4.0 5.0 5.0 2.0 4.0 0.0 1.0 5.0 0.0 2.0 0.0 4.0 4.0 6.0 6.0 2.0 5.0 5.0 1.0 0.0 0.0 1.0 3.0 0.0 1.0 6.0 5.0 5.0 6.0 1.0 6.0 6.0 5.0 0.0 0.0 1.0 0.0 2.0 3.0 0.0 3.0
p161 1.0 0.0 3.0 0.0 4.0 3.0 6.0 2.0 6.0 3.0 3.0 2.0 0.0 5.0 4.0 2.0 2.0 1.0 3.0 0.0 2.0 3.0 6.0 0.0 3.0 1.0 5.0 1.0 2.0 2.0 0.0 0.0 5.0 6.0 4.0 2.0 4.0 0.0 5.0 3.0 6.0 2.0 3.0 5.0 5.0 3.0 1.0 5.0
p162 0.0 2.0 0.0 1.0 3.0 1.0 3.0 5.0 0.0 1.0 4.0 6.0 1.0 1.0 3.0 4.0 3.0 6.0 4.0 3.0 0.0 3.0 2.0 4.0 1.0 4.0 4.0 5.0 2.0 6.0 3.0 1.0 3.0 5.0 0.0 1.0 2.0 3.0 0.0 3.0 5.0 5.0 0.0 2.0 5.0 1.0 5.0 0.0
p163 0.0 2.0 3.0 5.0 3.0 3.0 1.0 5.0 5.0 3.0 4.0 3.0 0.0 1.0 2.0 0.0 3.0 5.0 1.0 2.0 1.0 1.0 6.0 3.0 1.0 6.0 2.0 6.0 3.0 3.0 3.0 4.0 3.0 3.0 0.0 4.0 6.0 1.0 6.0 4.0 6.0 3.0 1.0 0.0 5.0 0.0 2.0 0.0
p164 3.0 4.0 5.0 1.0 2.0 3.0 3.0 1.0 4.0 4.0 3.0 0.0 2.0 1.0 0.0 3.0 5.0 6.0 5.0 1.0 2.0 5.0 0.0 0.0 0.0 5.0 4.0 4.0 0.0 1.0 0.0 0.0 1.0 6.0 0.0 4.0 6.0 0.0 3.0 3.0 5.0 1.0 3.0 1.0 6.0 6.0 4.0 3.0
p165 2.0 1.0 3.0 1.0 4.0 6.0 4.0 4.0 1.0 5.0 5.0 1.0 5.0 2.0 2.0 6.0 3.0 2.0 5.0 1.0 5.0 6.0 2.0 6.0 1.0 1.0 3.0 5.0 2.0 5.0 4.0 6.0 5.0 4.0 0.0 5.0 6.0 2.0 5.0 1.0 3.0 5.0 3.0 1.0 5.0 1.0 5.0 0.0
p166 6.0 5.0 4.0 2.0 6.0 2.0 3.0 5.0 5.0 0.0 1.0 6.0 4.0 5.0 4.0 2.0 4.0 4.0 6.0 0.0 2.0 3.0 1.0 4.0 5.0 0.0 5.0 2.0 0.0 2.0 6.0 6.0 2.0 6.0 6.0 3.0 3.0 1.0 0.0 1.0 0.0 5.0 5.0 4.0 4.0 0.0 0.0 4.0
p167 0.0 1.0 3.0 1.0 0.0 4.0 0.0 5.0 1.0 5.0 4.0 4.0 2.0 3.0 1.0 0.0 5.0 0.0 0.0 0.0 2.0 0.0 0.0 0.0 6.0 3.0 4.0 1.0 2.0 1.0 5.0 0.0 3.0 5.0 1.0 5.0 1.0 4.0 6.0 3.0 5.0 2.0 3.0 1.0 6.0 4.0 3.0 2.0
p168 1.0 3.0 3.0 0.0 0.0 6.0 1.0 5.0 5.0 0.0 1.0 1.0 2.0 1.0 2.0 0.0 6.0 3.0 0.0 3.0 3.0 2.0 2.0 2.0 3.0 5.0 0.0 3.0 5.0 3.0 4.0 2.0 1.0 3.0 5.0 4.0 4.0 5.0 0.0 2.0 4.0 0.0 1.0 6.0 4.0 3.0 6.0 6.0
p169 4.0 1.0 0.0 4.0 1.0 4.0 6.0 4.0 4.0 0.0 4.0 4.0 0.0 6.0 2.0 4.0 6.0 0.0 4.0 1.0 4.0 0.0 2.0 3.0 3.0 4.0 3.0 5.0 2.0 2.0 6.0 4.0 1.0 0.0 6.0 5.0 6.0 2.0 3.0 3.0 2.0 6.0 3.0 2.0 4.0 1.0 2.0 2.0
p170 5.0 6.0 5.0 5.0 6.0 3.0 1.0 2.0 0.0 2.0 3.0 5.0 2.0 5.0 0.0 6.0 5.0 2.0 6.0 5.0 4.0 5.0 0.0 0.0 5.0 1.0 5.0 1.0 5.0 3.0 4.0 5.0 5.0 5.0 3.0 3.0 2.0 0.0 1.0 1.0 3.0 2.0 4.0 3.0 6.0 2.0 5.0 3.0
p171 4.0 1.0 4.0 6.0 5.0 4.0 6.0 4.0 6.0 5.0 4.0 3.0 1.0 2.0 5.0 3.0 4.0 3.0 2.0 4.0 0.0 5.0 0.0 0.0 0.0 1.0 3.0 2.0 6.0 6.0 2.0 4.0 0.0 4.0 4.0 0.0 6.0 4.0 3.0 0.0 5.0 2.0 0.0 2.0 1.0 1.0 2.0 6.0
p172 2.0 0.0 1.0 5.0 1.0 5.0 6.0 4.0 1.0 2.0 5.0 1.0 6.0 3.0 3.0 1.0 5.0 0.0 1.0 3.0 4.0 3.0 0.0 3.0 4.0 3.0 6.0 0.0 1.0 6.0 2.0 1.0 3.0 0.0 5.0 2.0 2.0 6.0 2.0 6.0 2.0 3.0 0.0 1.0 4.0 0.0 3.0 0.0
p173 1.0 6.0 1.0 5.0 1.0 1.0 0.0 3.0 2.0 4.0 5.0 5.0 1.0 6.0 1.0 0.0 5.0 1.0 6.0 1.0 1.0 2.0 4.0 3.0 4.0 1.0 6.0 5.0 5.0 4.0 2.0 1.0 4.0 2.0 0.0 3.0 5.0 6.0 2.0 1.0 5.0 2.0 2.0 1.0 3.0 2.0 0.0 2.0
p174 5.0 3.0 6.0 5.0 1.0 1.0 1.0 1.0 3.0 4.0 5.0 4.0 2.0 6.0 0.0 0.0 6.0 5.0 2.0 0.0 1.0 0.0 2.0 0.0 3.0 5.0 3.0 5.0 2.0 1.0 2.0 0.0 3.0 0.0 6.0 5.0 3.0 2.0 6.0 1.0 4.0 6.0 2.0 4.0 2.0 1.0 3.0 1.0
p175 5.0 1.0 3.0 6.0 4.0 5.0 6.0 6.0 1.0 1.0 5.0 4.0 6.0 4.0 0.0 2.0 3.0 6.0 0.0 6.0 0.0 4.0 2.0 6.0 3.0 4.0 3.0 6.0 3.0 5.0 4.0 1.0 0.0 5.0 0.0 3.0 3.0 1.0 5.0 3.0 2.0 3.0 3.0 5.0 0.0 0.0 2.0 2.0
p176 2.0 3.0 5.0 0.0 0.0 3.0 4.0 4.0 2.0 3.0 3.0 4.0 1.0 3.0 3.0 2.0 1.0 3.0 2.0 4.0 1.0 2.0 3.0 2.0 1.0 1.0 6.0 4.0 6.0 1.0 6.0 2.0 5.0 4.0 1.0 3.0 3.0 3.0 4.0 1.0 4.0 5.0 2.0 4.0 2.0 2.0 6.0 5.0
p177 4.0 0.0 6.0 4.0 3.0 1.0 0.0 3.0 0.0 0.0 5.0 3.0 5.0 5.0 2.0 3.0 1.0 2.0 2.0 0.0 1.0 4.0 2.0 5.0 1.0 1.0 2.0 1.0 3.0 3.0 0.0 0.0 2.0 0.0 6.0 0.0 3.0 2.0 4.0 2.0 3.0 6.0 0.0 5.0 1.0 3.0 1.0 0.0
p178 1.0 4.0 3.0 0.0 0.0 1.0 2.0 2.0 1.0 5.0 1.0 1.0 0.0 0.0 1.0 3.0 4.0 1.0 0.0 5.0 6.0 6.0 5.0 0.0 1.0 6.0 0.0 1.0 1.0 3.0 1.0 5.0 6.0 2.0 1.0 1.0 6.0 6.0 6.0 5.0 1.0 6.0 2.0 5.0 6.0 3.0 4.0 3.0
p179 5.0 1.0 3.0 2.0 4.0 0.0 5.0 0.0 4.0 4.0 6.0 0.0 0.0 2.0 0.0 4.0 2.0 5.0 4.0 0.0 5.0 4.0 5.0 1.0 2.0 6.0 2.0 6.0 0.0 2.0 4.0 1.0 2.0 0.0 5.0 0.0 2.0 5.0 0.0 6.0 1.0 4.0 0.0 1.0 0.0 3.0 1.0 2.0
p180 3.0 1.0 5.0 4.0 1.0 5.0 0.0 3.0 0.0 0.0 3.0 0.0 0.0 4.0 4.0 1.0 5.0 1.0 5.0 1.0 1.0 5.0 6.0 1.0 2.0 0.0 5.0 4.0 5.0 6.0 1.0 2.0 1.0 4.0 1.0 6.0 1.0 2.0 0.0 0.0 6.0 5.0 2.0 4.0 2.0 3.0 1.0 4.0
p181 6.0 1.0 4.0 4.0 4.0 3.0 2.0 1.0 4.0 3.0 2.0 1.0 1.0 1.0 1.0 6.0 3.0 6.0 4.0 4.0 1.0 4.0 4.0 6.0 6.0 1.0 1.0 0.0 3.0 1.0 4.0 1.0 1.0 1.0 2.0 3.0 5.0 4.0 1.0 0.0 5.0 5.0 5.0 4.0 6.0 2.0 3.0 4.0
p182 1.0 4.0 2.0 0.0 1.0 2.0 4.0 5.0 1.0 1.0 6.0 6.0 2.0 5.0 1.0 1.0 6.0 1.0 3.0 6.0 4.0 5.0 1.0 5.0 5.0 5.0 3.0 1.0 1.0 6.0 4.0 1.0 1.0 4.0 6.0 5.0 2.0 0.0 5.0 5.0 5.0 2.0 3.0 6.0 0.0 0.0 1.0 0.0
p183 1.0 4.0 4.0 5.0 1.0 2.0 2.0 1.0 1.0 5.0 5.0 3.0 2.0 0.0 1.0 4.0 4.0 3.0 3.0 2.0 4.0 1.0 6.0 5.0 1.0 5.0 1.0 0.0 6.0 5.0 4.0 2.0 3.0 0.0 1.0 1.0 4.0 2.0 1.0 3.0 5.0 5.0 5.0 4.0 6.0 2.0 3.0 2.0
p184 0.0 1.0 0.0 6.0 1.0 2.0 4.0 2.0 5.0 2.0 1.0 5.0 5.0 5.0 2.0 6.0 4.0 0.0 1.0 1.0 1.0 2.0 0.0 3.0 5.0 3.0 6.0 3.0 5.0 4.0 2.0 0.0 1.0 4.0 1.0 1.0 2.0 5.0 1.0 1.0 2.0 5.0 0.0 0.0 5.0 2.0 1.0 3.0
p185 5.0 1.0 3.0 2.0 2.0 4.0 1.0 1.0 6.0 0.0 2.0 5.0 0.0 1.0 0.0 5.0 5.0 1.0 6.0 4.0 5.0 2.0 6.0 3.0 2.0 2.0 0.0 0.0 0.0 1.0 3.0 5.0 0.0 2.0 1.0 5.0 2.0 1.0 4.0 5.0 0.0 0.0 3.0 2.0 5.0 2.0 3.0 3.0
p186 6.0 1.0 4.0 0.0 4.0 5.0 0.0 4.0 5.0 3.0 3.0 3.0 2.0 2.0 2.0 3.0 2.0 4.0 2.0 2.0 6.0 5.0 2.0 1.0 1.0 0.0 6.0 3.0 0.0 5.0 3.0 0.0 0.0 3.0 3.0 6.0 1.0 5.0 0.0 4.0 6.0 1.0 1.0 3.0 0.0 6.0 2.0 1.0
p187 5.0 4.0 6.0 4.0 1.0 4.0 0.0 3.0 4.0 6.0 4.0 0.0 1.0 3.0 5.0 3.0 5.0 0.0 3.0 4.0 0.0 1.0 5.0 4.0 2.0 0.0 1.0 6.0 0.0 4.0 4.0 2.0 1.0 1.0 2.0 4.0 3.0 3.0 2.0 4.0 0.0 6.0 1.0 5.0 2.0 5.0 0.0 4.0
p188 3.0 1.0 4.0 5.0 2.0 4.0 5.0 0.0 2.0 4.0 2.0 3.0 3.0 1.0 1.0 0.0 6.0 2.0 3.0 1.0 4.0 2.0 1.0 5.0 3.0 6.0 6.0 5.0 1.0 4.0 3.0 2.0 5.0 4.0 4.0 6.0 1.0 0.0 4.0 6.0 6.0 3.0 1.0 1.0 6.0 0.0 1.0 3.0
p189 1.0 5.0 4.0 3.0 3.0 6.0 2.0 0.0 3.0 1.0 1.0 0.0 0.0 0.0 2.0 6.0 6.0 1.0 3.0 2.0 6.0 2.0 3.0 0.0 0.0 4.0 2.0 1.0 4.0 2.0 2.0 5.0 0.0 6.0 2.0 1.0 0.0 1.0 1.0 0.0 5.0 4.0 4.0 2.0 5.0 4.0 2.0 2.0
p190 4.0 5.0 1.0 6.0 1.0 3.0 2.0 0.0 4.0 3.0 1.0 2.0 0.0 3.0 0.0 4.0 0.0 3.0 3.0 4.0 1.0 0.0 4.0 4.0 5.0 2.0 3.0 6.0 2.0 5.0 4.0 3.0 4.0 2.0 2.0 3.0 5.0 2.0 4.0 2.0 4.0 0.0 3.0 3.0 6.0 0.0 3.0 0.0
p191 0.0 2.0 5.0 0.0 1.0 5.0 4.0 3.0 1.0 0.0 0.0 0.0 2.0 2.0 1.0 4.0 0.0 0.0 2.0 0.0 4.0 3.0 0.0 2.0 6.0 0.0 1.0 5.0 2.0 4.0 0.0 6.0 3.0 1.0 3.0 2.0 1.0 3.0 1.0 2.0 0.0 5.0 5.0 3.0 2.0 1.0 1.0 3.0
p192 5.0 6.0 5.0 3.0 2.0 0.0 3.0 3.0 4.0 1.0 1.0 4.0 5.0 0.0 5.0 1.0 2.0 6.0 0.0 0.0 6.0 1.0 3.0 2.0 1.0 4.0 4.0 3.0 4.0 6.0 0.0 1.0 2.0 5.0 0.0 4.0 0.0 5.0 2.0 1.0 3.0 5.0 0.0 3.0 2.0 5.0 6.0 1.0
p193 5.0 2.0 2.0 1.0 1.0 2.0 3.0 5.0 6.0 1.0 3.0 4.0 1.0 2.0 3.0 0.0 0.0 4.0 2.0 0.0 2.0 6.0 4.0 6.0 1.0 1.0 0.0 6.0 2.0 4.0 5.0 5.0 2.0 0.0 5.0 4.0 4.0 2.0 2.0 5.0 0.0 2.0 0.0 1.0 4.0 1.0 3.0 5.0
p194 6.0 4.0 0.0 6.0 3.0 3.0 2.0 6.0 3.0 1.0 3.0 1.0 4.0 6.0 4.0 2.0 3.0 5.0 5.0 3.0 1.0 6.0 0.0 0.0 5.0 0.0 6.0 6.0 2.0 4.0 2.0 0.0 2.0 3.0 2.0 2.0 4.0 0.0 4.0 1.0 2.0 2.0 2.0 6.0 5.0 6.0 6.0 1.0
p195 4.0 1.0 2.0 6.0 1.0 0.0 6.0 5.0 1.0 3.0 5.0 6.0 4.0 0.0 0.0 4.0 2.0 1.0 1.0 2.0 3.0 2.0 4.0 2.0 6.0 1.0 4.0 5.0 1.0 6.0 0.0 5.0 2.0 5.0 3.0 2.0 0.0 4.0 1.0 5.0 3.0 5.0 2.0 3.0 0.0 5.0 0.0 2.0
p196 6.0 0.0 6.0 2.0 3.0 6.0 1.0 6.0 1.0 1.0 2.0 4.0 1.0 1.0 3.0 0.0 5.0 3.0 1.0 1.0 3.0 4.0 2.0 4.0 1.0 3.0 1.0 5.0 4.0 0.0 2.0 3.0 5.0 3.0 4.0 6.0 1.0 2.0 3.0 0.0 4.0 1.0 0.0 1.0 4.0 6.0 0.0 3.0
p197 0.0 4.0 3.0 2.0 2.0 5.0 1.0 0.0 2.0 3.0 1.0 2.0 0.0 0.0 3.0 2.0 0.0 1.0 0.0 3.0 5.0 2.0 2.0 3.0 6.0 6.0 6.0 3.0 2.0 1.0 0.0 6.0 1.0 5.0 1.0 4.0 3.0 5.0 5.0 1.0 5.0 3.0 1.0 4.0 4.0 2.0 2.0 1.0
p198 1.0 0.0 1.0 5.0 0.0 3.0 2.0 2.0 6.0 1.0 0.0 4.0 5.0 6.0 1.0 3.0 0.0 1.0 4.0 6.0 5.0 5.0 1.0 5.0 2.0 2.0 3.0 1.0 1.0 3.0 5.0 1.0 4.0 3.0 1.0 4.0 5.0 2.0 2.0 3.0 1.0 1.0 2.0 2.0 1.0 0.0 4.0 2.0
p199 0.0 4.0 0.0 1.0 1.0 3.0 6.0 3.0 5.0 4.0 1.0 4.0 1.0 2.0 1.0 2.0 6.0 2.0 4.0 1.0 3.0 1.0 3.0 1.0 3.0 3.0 2.0 4.0 5.0 1.0 0.0 0.0 1.0 2.0 5.0 6.0 5.0 1.0 1.0 2.0 4.0 3.0 4.0 3.0 3.0 1.0 6.0 2.0
p200 5.0 0.0 1.0 5.0 6.0 4.0 3.0 4.0 1.0 4.0 1.0 3.0 1.0 2.0 6.0 4.0 5.0 5.0 3.0 6.0 4.0 3.0 5.0 5.0 2.0 2.0 4.0 1.0 0.0 2.0 2.0 2.0 1.0 0.0 6.0 1.0 4.0 2.0 2.0 5.0 5.0 6.0 3.0 1.0 3.0 4.0 1.0 6.0
p201 0.0 3.0 0.0 1.0 2.0 1.0 4.0 0.0 4.0 6.0 6.0 4.0 4.0 0.0 0.0 3.0 3.0 0.0 6.0 0.0 3.0 1.0 2.0 3.0 0.0 3.0 1.0 5.0 4.0 2.0 1.0 0.0 6.0 2.0 1.0 2.0 2.0 0.0 1.0 2.0 4.0 0.0 4.0 1.0 5.0 6.0 3.0 0.0
p202 3.0 3.0 2.0 0.0 2.0 2.0 1.0 6.0 1.0 2.0 0.0 2.0 0.0 4.0 5.0 4.0 5.0 4.0 3.0 1.0 3.0 5.0 1.0 2.0 2.0 2.0 0.0 4.0 0.0 1.0 2.0 4.0 1.0 3.0 4.0 5.0 6.0 2.0 1.0 6.0 5.0 5.0 6.0 4.0 0.0 0.0 5.0 0.0
p203 1.0 2.0 1.0 2.0 0.0 4.0 1.0 1.0 2.0 1.0 3.0 1.0 3.0 1.0 3.0 6.0 4.0 2.0 5.0 2.0 0.0 1.0 5.0 1.0 4.0 0.0 1.0 5.0 2.0 2.0 2.0 4.0 3.0 3.0 6.0 1.0 0.0 0.0 5.0 1.0 6.0 2.0 2.0 4.0 3.0 4.0 0.0 1.0
p204 6.0 0.0 0.0 0.0 2.0 1.0 4.0 4.0 1.0 0.0 4.0 4.0 3.0 6.0 5.0 1.0 5.0 6.0 4.0 0.0 3.0 2.0 1.0 6.0 0.0 5.0 2.0 2.0 5.0 6.0 1.0 4.0 3.0 2.0 2.0 6.0 3.0 4.0 1.0 4.0 6.0 3.0 4.0 2.0 0.0 1.0 3.0 5.0
p205 5.0 6.0 1.0 2.0 3.0 4.0 0.0 0.0 3.0 2.0 0.0 3.0 2.0 3.0 3.0 0.0 1.0 5.0 4.0 0.0 3.0 0.0 4.0 1.0 3.0 4.0 0.0 4.0 2.0 1.0 6.0 3.0 0.0 1.0 6.0 1.0 0.0 4.0 5.0 3.0 3.0 3.0 6.0 3.0 1.0 6.0 4.0 4.0
p206 5.0 0.0 3.0 0.0 6.0 3.0 3.0 0.0 0.0 0.0 6.0 6.0 1.0 4.0 5.0 2.0 3.0 3.0 0.0 3.0 0.0 4.0 6.0 0.0 1.0 1.0 2.0 6.0 5.0 1.0 1.0 3.0 2.0 5.0 0.0 3.0 3.0 1.0 6.0 0.0 2.0 0.0 1.0 0.0 3.0 3.0 0.0 1.0
p207 0.0 0.0 0.0 3.0 2.0 2.0 3.0 1.0 2.0 2.0 2.0 6.0 4.0 6.0 6.0 4.0 3.0 0.0 3.0 6.0 4.0 0.0 4.0 0.0 6.0 2.0 4.0 2.0 0.0 1.0 6.0 0.0 4.0 6.0 2.0 0.0 1.0 4.0 4.0 1.0 2.0 0.0 5.0 2.0 5.0 1.0 5.0 5.0
p208 4.0 0.0 1.0 1.0 3.0 5.0 4.0 2.0 3.0 0.0 6.0 5.0 6.0 3.0 1.0 2.0 6.0 3.0 0.0 1.0 2.0 6.0 2.0 2.0 5.0 5.0 3.0 3.0 5.0 0.0 6.0 1.0 4.0 3.0 5.0 5.0 1.0 2.0 1.0 0.0 1.0 3.0 5.0 2.0 4.0 2.0 1.0 6.0
p209 0.0 4.0 4.0 3.0 0.0 5.0 0.0 4.0 1.0 5.0 3.0 1.0 3.0 5.0 1.0 6.0 4.0 0.0 3.0 6.0 0.0 5.0 1.0 0.0 4.0 2.0 4.0 1.0 4.0 1.0 2.0 5.0 0.0 2.0 1.0 3.0 0.0 5.0 6.0 1.0 4.0 3.0 4.0 1.0 4.0 3.0 5.0 5.0
p210 1.0 6.0 3.0 3.0 2.0 5.0 4.0 1.0 6.0 3.0 5.0 3.0 3.0 0.0 3.0 6.0 5.0 6.0 4.0 1.0 3.0 4.0 0.0 6.0 5.0 3.0 2.0 6.0 0.0 5.0 3.0 1.0 3.0 0.0 1.0 2.0 1.0 6.0 0.0 4.0 4.0 0.0 1.0 5.0 6.0 1.0 5.0 5.0
p211 5.0 5.0 0.0 0.0 5.0 1.0 5.0 1.0 4.0 2.0 0.0 1.0 2.0 2.0 4.0 2.0 1.0 0.0 6.0 5.0 3.0 4.0 5.0 5.0 2.0 3.0 3.0 1.0 2.0 4.0 0.0 0.0 5.0 1.0 2.0 1.0 4.0 4.0 2.0 6.0 3.0 0.0 0.0 2.0 6.0 3.0 2.0 4.0
p212 3.0 2.0 5.0 2.0 4.0 4.0 2.0 2.0 0.0 2.0 3.0 4.0 2.0 1.0 0.0 1.0 6.0 0.0 2.0 1.0 0.0 5.0 3.0 3.0 2.0 1.0 2.0 6.0 0.0 1.0 6.0 2.0 5.0 6.0 6.0 1.0 5.0 1.0 1.0 5.0 1.0 2.0 1.0 1.0 2.0 1.0 1.0 2.0
p213 0.0 3.0 4.0 6.0 1.0 5.0 4.0 2.0 5.0 5.0 4.0 2.0 2.0 1.0 4.0 3.0 6.0 1.0 4.0 2.0 1.0 0.0 0.0 5.0 5.0 3.0 0.0 6.0 5.0 4.0 5.0 0.0 0.0 3.0 4.0 0.0 6.0 0.0 4.0 2.0 0.0 6.0 4.0 4.0 0.0 2.0 1.0 1.0
p214 2.0 6.0 6.0 4.0 4.0 1.0 5.0 1.0 3.0 3.0 4.0 1.0 4.0 2.0 3.0 2.0 4.0 2.0 3.0 1.0 1.0 5.0 1.0 4.0 4.0 2.0 1.0 4.0 2.0 1.0 2.0 6.0 0.0 2.0 0.0 5.0 1.0 4.0 0.0 6.0 6.0 5.0 2.0 1.0 0.0 3.0 0.0 1.0
p215 4.0 1.0 3.0 6.0 0.0 5.0 3.0 5.0 5.0 1.0 1.0 1.0 0.0 2.0 1.0 0.0 1.0 3.0 6.0 2.0 0.0 5.0 2.0 1.0 0.0 2.0 0.0 0.0 4.0 1.0 4.0 1.0 2.0 5.0 0.0 0.0 2.0 2.0 6.0 0.0 4.0 5.0 1.0 1.0 6.0 3.0 2.0 3.0
p216 0.0 3.0 1.0 3.0 6.0 3.0 5.0 6.0 3.0 0.0 4.0 4.0 2.0 3.0 6.0 0.0 4.0 6.0 6.0 0.0 0.0 2.0 5.0 4.0 4.0 0.0 0.0 2.0 5.0 0.0 4.0 5.0 5.0 0.0 1.0 1.0 1.0 0.0 4.0 4.0 4.0 3.0 5.0 1.0 1.0 3.0 3.0 5.0
p217 3.0 1.0 0.0 5.0 0.0 3.0 4.0 3.0 5.0 3.0 4.0 1.0 5.0 3.0 1.0 5.0 4.0 4.0 3.0 4.0 3.0 5.0 1.0 3.0 2.0 2.0 4.0 6.0 4.0 5.0 2.0 2.0 2.0 2.0 5.0 1.0 3.0 2.0 4.0 4.0 2.0 4.0 2.0 2.0 4.0 1.0 4.0 6.0
p218 6.0 5.0 3.0 6.0 6.0 4.0 0.0 3.0 1.0 5.0 1.0 4.0 5.0 0.0 1.0 4.0 6.0 1.0 2.0 2.0 3.0 2.0 2.0 0.0 1.0 0.0 5.0 2.0 3.0 0.0 3.0 6.0 6.0 0.0 2.0 6.0 3.0 1.0 2.0 6.0 1.0 1.0 5.0 4.0 1.0 6.0 5.0 4.0
p219 0.0 1.0 6.0 1.0 2.0 1.0 1.0 0.0 3.0 0.0 5.0 3.0 3.0 4.0 6.0 0.0 6.0 3.0 1.0 6.0 4.0 1.0 1.0 1.0 3.0 4.0 2.0 3.0 4.0 5.0 2.0 1.0 0.0 1.0 3.0 5.0 1.0 2.0 2.0 4.0 6.0 0.0 1.0 5.0 4.0 3.0 3.0 4.0
p220 5.0 3.0 2.0 0.0 1.0 3.0 1.0 1.0 5.0 1.0 1.0 2.0 4.0 2.0 3.0 3.0 2.0 1.0 6.0 1.0 0.0 0.0 2.0 3.0 5.0 6.0 0.0 3.0 3.0 1.0 1.0 1.0 0.0 6.0 3.0 0.0 3.0 5.0 1.0 2.0 4.0 4.0 2.0 0.0 4.0 1.0 6.0 5.0
p221 5.0 6.0 1.0 0.0 5.0 6.0 1.0 2.0 1.0 5.0 2.0 5.0 6.0 0.0 4.0 1.0 3.0 3.0 1.0 2.0 4.0 3.0 5.0 3.0 6.0 2.0 3.0 0.0 0.0 6.0 3.0 0.0 2.0 5.0 6.0 5.0 5.0 5.0 6.0 4.0 0.0 0.0 6.0 2.0 6.0 6.0 6.0 1.0
p222 3.0 1.0 6.0 5.0 4.0 2.0 3.0 4.0 2.0 1.0 5.0 5.0 5.0 0.0 3.0 5.0 1.0 0.0 5.0 2.0 1.0 5.0 4.0 4.0 3.0 1.0 4.0 1.0 3.0 4.0 5.0 5.0 0.0 4.0 2.0 2.0 4.0 1.0 4.0 3.0 6.0 6.0 1.0 2.0 1.0 6.0 6.0 0.0
p223 1.0 5.0 2.0 0.0 0.0 0.0 2.0 0.0 5.0 6.0 0.0 0.0 0.0 0.0 2.0 3.0 6.0 2.0 2.0 1.0 0.0 5.0 6.0 5.0 3.0 4.0 6.0 2.0 2.0 1.0 2.0 0.0 3.0 2.0 0.0 6.0 1.0 4.0 6.0 5.0 0.0 2.0 4.0 2.0 0.0 1.0 2.0 5.0
p224 2.0 0.0 1.0 4.0 0.0 2.0 2.0 5.0 6.0 5.0 0.0 0.0 3.0 1.0 6.0 0.0 2.0 4.0 0.0 4.0 6.0 0.0 6.0 2.0 3.0 4.0 3.0 1.0 0.0 4.0 2.0 0.0 3.0 6.0 0.0 4.0 3.0 2.0 2.0 2.0 0.0 2.0 5.0 0.0 5.0 2.0 1.0 5.0
p225 5.0 1.0 5.0 1.0 0.0 4.0 1.0 3.0 5.0 0.0 2.0 2.0 6.0 5.0 5.0 1.0 1.0 1.0 6.0 5.0 3.0 0.0 0.0 0.0 3.0 4.0 1.0 4.0 3.0 1.0 3.0 0.0 0.0 2.0 3.0 1.0 5.0 4.0 2.0 0.0 3.0 5.0 6.0 6.0 2.0 3.0 0.0 6.0
p226 2.0 0.0 1.0 4.0 0.0 1.0 5.0 1.0 4.0 4.0 6.0 4.0 1.0 3.0 1.0 1.0 2.0 1.0 6.0 2.0 6.0 3.0 1.0 5.0 0.0 3.0 0.0 4.0 0.0 0.0 0.0 0.0 6.0 0.0 1.0 5.0 5.0 5.0 3.0 0.0 1.0 5.0 3.0 5.0 3.0 2.0 1.0 6.0
p227 6.0 4.0 5.0 0.0 0.0 0.0 1.0 6.0 2.0 1.0 4.0 0.0 1.0 5.0 4.0 4.0 0.0 0.0 6.0 2.0 3.0 4.0 2.0 3.0 4.0 2.0 2.0 2.0 3.0 1.0 5.0 3.0 1.0 2.0 6.0 5.0 3.0 1.0 5.0 4.0 1.0 5.0 3.0 6.0 3.0 6.0 2.0 6.0
p228 0.0 6.0 6.0 0.0 0.0 1.0 2.0 2.0 5.0 1.0 3.0 3.0 4.0 5.0 3.0 2.0 3.0 3.0 4.0 3.0 6.0 5.0 1.0 3.0 2.0 0.0 5.0 6.0 5.0 5.0 0.0 1.0 3.0 1.0 0.0 3.0 5.0 0.0 0.0 6.0 3.0 0.0 0.0 2.0 1.0 0.0 5.0 3.0
p229 2.0 5.0 0.0 5.0 5.0 3.0 0.0 1.0 2.0 4.0 4.0 3.0 5.0 6.0 1.0 0.0 1.0 6.0 5.0 1.0 1.0 4.0 2.0 2.0 1.0 0.0 4.0 5.0 2.0 0.0 6.0 5.0 0.0 5.0 0.0 4.0 2.0 6.0 2.0 4.0 0.0 6.0 4.0 3.0 6.0 3.0 5.0 5.0
p230 4.0 3.0 4.0 0.0 5.0 2.0 4.0 0.0 6.0 1.0 2.0 5.0 1.0 6.0 2.0 2.0 4.0 2.0 0.0 1.0 5.0 4.0 6.0 3.0 3.0 0.0 5.0 0.0 4.0 0.0 2.0 1.0 5.0 3.0 6.0 1.0 5.0 0.0 4.0 6.0 5.0 2.0 3.0 2.0 4.0 4.0 1.0 0.0
p231 2.0 2.0 6.0 1.0 5.0 6.0 4.0 3.0 2.0 3.0 5.0 3.0 1.0 5.0 3.0 5.0 5.0 0.0 6.0 3.0 1.0 1.0 2.0 3.0 0.0 0.0 3.0 1.0 2.0 2.0 6.0 4.0 0.0 3.0 2.0 1.0 1.0 1.0 2.0 2.0 2.0 0.0 6.0 0.0 5.0 4.0 1.0 3.0
p232 5.0 6.0 6.0 1.0 3.0 2.0 1.0 4.0 2.0 5.0 5.0 0.0 5.0 4.0 0.0 4.0 5.0 3.0 3.0 1.0 2.0 3.0 3.0 6.0 4.0 0.0 2.0 4.0 0.0 3.0 5.0 1.0 5.0 6.0 0.0 3.0 2.0 5.0 0.0 3.0 6.0 0.0 0.0 4.0 3.0 5.0 0.0 4.0
p233 2.0 3.0 1.0 6.0 2.0 1.0 1.0 0.0 2.0 0.0 6.0 0.0 2.0 0.0 0.0 0.0 0.0 4.0 6.0 6.0 5.0 2.0 1.0 0.0 4.0 0.0 1.0 2.0 4.0 1.0 4.0 2.0 2.0 0.0 5.0 0.0 4.0 3.0 1.0 2.0 3.0 5.0 0.0 3.0 3.0 2.0 2.0 6.0
p234 1.0 2.0 3.0 5.0 4.0 1.0 0.0 5.0 1.0 0.0 1.0 5.0 1.0 0.0 1.0 0.0 4.0 4.0 6.0 6.0 5.0 5.0 0.0 6.0 1.0 1.0 0.0 6.0 0.0 2.0 5.0 1.0 2.0 6.0 3.0 5.0 6.0 5.0 5.0 0.0 2.0 1.0 1.0 5.0 0.0 6.0 5.0 5.0
p235 3.0 5.0 3.0 0.0 3.0 5.0 0.0 2.0 4.0 6.0 6.0 2.0 5.0 1.0 4.0 5.0 2.0 6.0 3.0 1.0 2.0 3.0 3.0 6.0 1.0 1.0 3.0 6.0 4.0 0.0 2.0 4.0 1.0 5.0 0.0 2.0 0.0 5.0 2.0 3.0 1.0 2.0 2.0 0.0 2.0 5.0 2.0 2.0
p236 6.0 1.0 0.0 6.0 2.0 5.0 1.0 2.0 5.0 0.0 4.0 1.0 2.0 5.0 6.0 1.0 4.0 5.0 5.0 6.0 2.0 1.0 6.0 4.0 5.0 2.0 4.0 2.0 6.0 1.0 4.0 0.0 5.0 6.0 6.0 0.0 3.0 6.0 1.0 2.0 0.0 1.0 3.0 3.0 1.0 1.0 4.0 1.0
p237 1.0 2.0 6.0 0.0 4.0 3.0 4.0 1.0 2.0 6.0 0.0 0.0 1.0 1.0 0.0 1.0 5.0 0.0 2.0 3.0 1.0 0.0 6.0 4.0 1.0 3.0 0.0 5.0 4.0 1.0 0.0 5.0 0.0 5.0 3.0 2.0 1.0 6.0 4.0 0.0 4.0 4.0 3.0 1.0 0.0 6.0 4.0 3.0
p238 5.0 0.0 3.0 0.0 2.0 2.0 0.0 5.0 5.0 2.0 3.0 2.0 4.0 1.0 0.0 4.0 6.0 5.0 4.0 2.0 3.0 3.0 4.0 1.0 5.0 5.0 2.0 0.0 1.0 2.0 2.0 3.0 2.0 4.0 4.0 3.0 5.0 1.0 2.0 1.0 0.0 1.0 0.0 0.0 3.0 2.0 4.0 2.0
p239 3.0 3.0 2.0 0.0 6.0 5.0 1.0 5.0 3.0 0.0 2.0 4.0 6.0 6.0 2.0 0.0 2.0 3.0 6.0 0.0 5.0 0.0 1.0 6.0 0.0 5.0 0.0 5.0 0.0 4.0 0.0 3.0 1.0 0.0 2.0 6.0 2.0 2.0 2.0 2.0 6.0 0.0 0.0 2.0 1.0 4.0 3.0 3.0
p240 6.0 6.0 3.0 0.0 1.0 3.0 1.0 2.0 2.0 2.0 6.0 5.0 5.0 0.0 4.0 1.0 5.0 0.0 1.0 0.0 1.0 2.0 4.0 4.0 0.0 3.0 0.0 4.0 6.0 0.0 1.0 3.0 5.0 0.0 1.0 2.0 2.0 2.0 2.0 6.0 4.0 4.0 0.0 3.0 5.0 2.0 4.0 0.0
p241 0.0 1.0 0.0 3.0 2.0 2.0 6.0 1.0 0.0 2.0 4.0 3.0 1.0 2.0 1.0 0.0 4.0 4.0 0.0 4.0 1.0 3.0 1.0 3.0 1.0 1.0 5.0 2.0 0.0 3.0 1.0 4.0 2.0 5.0 3.0 0.0 3.0 3.0 4.0 0.0 3.0 1.0 6.0 3.0 4.0 4.0 1.0 6.0
p242 1.0 4.0 0.0 1.0 2.0 2.0 2.0 4.0 1.0 4.0 6.0 3.0 0.0 0.0 2.0 4.0 6.0 1.0 1.0 1.0 6.0 6.0 2.0 6.0 0.0 0.0 1.0 6.0 4.0 3.0 2.0 4.0 3.0 0.0 0.0 3.0 3.0 3.0 5.0 3.0 3.0 5.0 0.0 3.0 1.0 0.0 2.0 0.0
p243 2.0 3.0 0.0 4.0 1.0 6.0 5.0 1.0 2.0 5.0 4.0 5.0 3.0 6.0 4.0 3.0 3.0 6.0 2.0 5.0 0.0 4.0 0.0 1.0 5.0 6.0 6.0 4.0 1.0 1.0 4.0 3.0 4.0 4.0 6.0 3.0 6.0 2.0 3.0 0.0 4.0 3.0 5.0 4.0 5.0 0.0 6.0 2.0
p244 0.0 3.0 1.0 3.0 5.0 6.0 2.0 0.0 4.0 2.0 1.0 1.0 4.0 6.0 0.0 3.0 5.0 5.0 6.0 6.0 2.0 0.0 4.0 5.0 6.0 0.0 3.0 3.0 1.0 2.0 1.0 0.0 5.0 0.0 0.0 6.0 3.0 0.0 5.0 4.0 3.0 1.0 1.0 3.0 5.0 3.0 1.0 1.0
p245 1.0 4.0 2.0 1.0 6.0 1.0 4.0 1.0 2.0 4.0 2.0 6.0 6.0 4.0 4.0 2.0 2.0 1.0 0.0 4.0 0.0 4.0 1.0 0.0 0.0 5.0 0.0 2.0 3.0 4.0 0.0 0.0 0.0 6.0 2.0 6.0 3.0 1.0 0.0 0.0 1.0 1.0 1.0 3.0 2.0 0.0 4.0 2.0
p246 5.0 1.0 6.0 3.0 3.0 5.0 4.0 5.0 3.0 3.0 6.0 2.0 0.0 4.0 5.0 4.0 6.0 5.0 3.0 6.0 4.0 3.0 5.0 1.0 0.0 0.0 1.0 5.0 2.0 5.0 1.0 4.0 6.0 2.0 6.0 6.0 6.0 6.0 1.0 2.0 1.0 3.0 0.0 5.0 0.0 6.0 4.0 3.0
p247 1.0 4.0 2.0 0.0 2.0 1.0 0.0 0.0 0.0 6.0 4.0 4.0 4.0 3.0 6.0 3.0 3.0 6.0 1.0 0.0 1.0 3.0 0.0 4.0 0.0 2.0 2.0 1.0 4.0 4.0 2.0 3.0 5.0 4.0 3.0 5.0 4.0 3.0 6.0 6.0 0.0 0.0 3.0 0.0 2.0 4.0 3.0 0.0
p248 4.0 5.0 4.0 6.0 4.0 5.0 5.0 3.0 6.0 6.0 5.0 5.0 4.0 2.0 2.0 4.0 3.0 4.0 4.0 5.0 0.0 4.0 1.0 4.0 3.0 6.0 0.0 4.0 1.0 2.0 3.0 3.0 2.0 5.0 1.0 6.0 5.0 1.0 4.0 5.0 4.0 3.0 6.0 4.0 1.0 0.0 0.0 4.0
p249 0.0 0.0 1.0 0.0 1.0 5.0 6.0 5.0 5.0 5.0 4.0 2.0 0.0 2.0 4.0 3.0 1.0 5.0 4.0 0.0 6.0 1.0 3.0 0.0 1.0 2.0 6.0 2.0 4.0 3.0 0.0 2.0 0.0 0.0 6.0 6.0 1.0 3.0 3.0 6.0 5.0 5.0 3.0 2.0 4.0 0.0 0.0 6.0
p250 0.0 1.0 4.0 5.0 0.0 1.0 0.0 0.0 5.0 1.0 5.0 5.0 6.0 5.0 3.0 1.0 2.0 6.0 4.0 2.0 3.0 6.0 1.0 1.0 2.0 0.0 3.0 0.0 5.0 0.0 5.0 6.0 2.0 0.0 0.0 5.0 6.0 1.0 2.0 5.0 2.0 0.0 5.0 5.0 6.0 0.0 5.0 0.0
p251 2.0 0.0 0.0 4.0 6.0 5.0 1.0 5.0 3.0 1.0 4.0 3.0 1.0 1.0 3.0 3.0 2.0 4.0 4.0 5.0 0.0 6.0 1.0 1.0 0.0 4.0 4.0 4.0 0.0 0.0 2.0 0.0 3.0 4.0 3.0 6.0 4.0 3.0 1.0 4.0 6.0 5.0 5.0 4.0 4.0 3.0 4.0 6.0
p252 3.0 2.0 3.0 5.0 5.0 1.0 6.0 0.0 5.0 0.0 3.0 1.0 4.0 1.0 6.0 3.0 0.0 4.0 1.0 1.0 3.0 0.0 0.0 4.0 1.0 4.0 5.0 4.0 4.0 6.0 0.0 6.0 5.0 2.0 0.0 0.0 3.0 3.0 2.0 3.0 6.0 2.0 2.0 1.0 1.0 4.0 2.0 2.0
p253 1.0 5.0 2.0 2.0 1.0 5.0 3.0 6.0 6.0 2.0 2.0 5.0 5.0 4.0 3.0 3.0 6.0 5.0 3.0 6.0 4.0 2.0 5.0 4.0 0.0 4.0 0.0 0.0 0.0 1.0 5.0 3.0 6.0 0.0 1.0 6.0 1.0 5.0 6.0 2.0 1.0 0.0 2.0 6.0 4.0 0.0 3.0 1.0
p254 4.0 0.0 6.0 6.0 6.0 3.0 2.0 2.0 5.0 3.0 1.0 5.0 2.0 0.0 6.0 4.0 0.0 0.0 6.0 1.0 1.0 4.0 1.0 4.0 1.0 1.0 2.0 3.0 0.0 2.0 2.0 4.0 4.0 1.0 6.0 0.0 4.0 5.0 3.0 0.0 6.0 0.0 2.0 5.0 4.0 1.0 6.0 2.0
p255 2.0 6.0 6.0 0.0 1.0 4.0 3.0 1.0 0.0 5.0 3.0 6.0 1.0 6.0 2.0 4.0 0.0 1.0 0.0 4.0 5.0 4.0 5.0 0.0 5.0 2.0 5.0 4.0 2.0 3.0 5.0 1.0 1.0 2.0 2.0 1.0 0.0 2.0 2.0 5.0 6.0 1.0 3.0 0.0 3.0 3.0 1.0 4.0
p256 5.0 3.0 0.0 6.0 3.0 5.0 6.0 5.0 4.0 2.0 6.0 2.0 0.0 1.0 1.0 6.0 2.0 2.0 1.0 5.0 6.0 5.0 1.0 0.0 3.0 3.0 5.0 0.0 4.0 4.0 2.0 4.0 0.0 1.0 4.0 6.0 0.0 6.0 4.0 0.0 4.0 2.0 0.0 1.0 1.0 6.0 4.0 1.0
p257 2.0 0.0 4.0 3.0 6.0 2.0 5.0 2.0 1.0 5.0 0.0 2.0 0.0 6.0 5.0 4.0 6.0 1.0 0.0 1.0 5.0 0.0 0.0 2.0 1.0 4.0 6.0 3.0 3.0 5.0 3.0 4.0 4.0 4.0 0.0 4.0 4.0 6.0 1.0 4.0 2.0 2.0 5.0 2.0 6.0 2.0 0.0 0.0
p258 1.0 1.0 1.0 0.0 2.0 4.0 5.0 1.0 3.0 1.0 0.0 1.0 2.0 5.0 3.0 5.0 6.0 2.0 1.0 0.0 5.0 2.0 6.0 4.0 4.0 0.0 6.0 6.0 2.0 3.0 5.0 2.0 6.0 0.0 4.0 0.0 1.0 5.0 6.0 0.0 1.0 4.0 2.0 3.0 2.0 5.0 0.0 1.0
p259 1.0 2.0 6.0 0.0 1.0 0.0 4.0 3.0 1.0 4.0 1.0 2.0 5.0 6.0 1.0 4.0 3.0 0.0 5.0 4.0 1.0 4.0 6.0 0.0 5.0 0.0 4.0 1.0 4.0 0.0 1.0 5.0 5.0 0.0 2.0 1.0 2.0 2.0 3.0 6.0 0.0 2.0 0.0 1.0 0.0 3.0 3.0 2.0
p260 1.0 0.0 0.0 0.0 0.0 3.0 1.0 2.0 5.0 3.0 2.0 2.0 3.0 0.0 6.0 3.0 0.0 4.0 1.0 6.0 0.0 1.0 0.0 0.0 0.0 0.0 0.0 0.0 4.0 2.0 0.0 4.0 2.0 1.0 4.0 3.0 1.0 5.0 5.0 3.0 3.0 1.0 1.0 3.0 4.0 3.0 5.0 2.0
p261 5.0 1.0 1.0 2.0 4.0 5.0 3.0 6.0 3.0 2.0 3.0 6.0 6.0 3.0 1.0 6.0 2.0 3.0 4.0 2.0 5.0 0.0 5.0 1.0 3.0 2.0 0.0 5.0 4.0 5.0 5.0 0.0 4.0 5.0 6.0 2.0 0.0 0.0 3.0 3.0 4.0 0.0 2.0 1.0 2.0 2.0 5.0 6.0
p262 4.0 2.0 6.0 1.0 3.0 1.0 4.0 6.0 0.0 0.0 3.0 5.0 1.0 1.0 5.0 3.0 1.0 2.0 0.0 6.0 4.0 3.0 3.0 2.0 1.0 5.0 1.0 1.0 5.0 4.0 3.0 3.0 0.0 2.0 5.0 2.0 4.0 2.0 3.0 2.0 4.0 3.0 0.0 5.0 6.0 3.0 1.0 6.0
p263 1.0 1.0 0.0 5.0 3.0 0.0 6.0 6.0 5.0 0.0 6.0 3.0 6.0 2.0 1.0 1.0 0.0 0.0 0.0 0.0 1.0 1.0 3.0 6.0 0.0 1.0 2.0 3.0 2.0 1.0 1.0 6.0 6.0 3.0 6.0 2.0 3.0 0.0 0.0 1.0 6.0 1.0 4.0 5.0 2.0 6.0 5.0 2.0
p264 5.0 3.0 4.0 6.0 5.0 6.0 0.0 5.0 6.0 4.0 1.0 1.0 0.0 5.0 6.0 5.0 3.0 5.0 1.0 1.0 0.0 6.0 4.0 0.0 1.0 5.0 5.0 4.0 1.0 2.0 5.0 3.0 6.0 6.0 1.0 4.0 6.0 5.0 0.0 0.0 1.0 2.0 1.0 2.0 2.0 6.0 6.0 1.0
p265 6.0 3.0 4.0 3.0 4.0 3.0 5.0 3.0 2.0 6.0 1.0 0.0 5.0 6.0 3.0 4.0 2.0 3.0 4.0 4.0 0.0 5.0 0.0 1.0 6.0 4.0 3.0 1.0 0.0 6.0 0.0 5.0 0.0 0.0 3.0 2.0 2.0 3.0 2.0 2.0 1.0 6.0 0.0 1.0 2.0 5.0 1.0 6.0
p266 4.0 1.0 2.0 0.0 6.0 0.0 0.0 2.0 6.0 2.0 4.0 4.0 3.0 3.0 6.0 4.0 3.0 1.0 4.0 1.0 5.0 1.0 0.0 3.0 0.0 0.0 4.0 2.0 3.0 4.0 4.0 6.0 1.0 0.0 0.0 2.0 0.0 1.0 2.0 4.0 2.0 1.0 5.0 1.0 1.0 0.0 6.0 2.0
p267 2.0 4.0 1.0 6.0 4.0 5.0 0.0 6.0 3.0 5.0 3.0 6.0 5.0 4.0 1.0 2.0 4.0 4.0 0.0 0.0 2.0 4.0 0.0 4.0 0.0 3.0 2.0 3.0 6.0 0.0 6.0 1.0 4.0 5.0 0.0 2.0 5.0 6.0 5.0 3.0 2.0 5.0 2.0 3.0 6.0 6.0 6.0 4.0
p268 4.0 3.0 1.0 1.0 2.0 0.0 6.0 2.0 5.0 4.0 3.0 0.0 5.0 3.0 2.0 0.0 6.0 0.0 3.0 6.0 4.0 1.0 5.0 2.0 2.0 4.0 1.0 2.0 3.0 5.0 1.0 0.0 0.0 2.0 3.0 1.0 4.0 1.0 6.0 3.0 6.0 6.0 5.0 5.0 2.0 6.0 5.0 5.0
p269 5.0 4.0 5.0 5.0 3.0 6.0 3.0 1.0 3.0 4.0 5.0 6.0 3.0 1.0 0.0 3.0 0.0 1.0 1.0 3.0 5.0 0.0 4.0 0.0 4.0 4.0 1.0 4.0 6.0 0.0 6.0 1.0 6.0 4.0 1.0 6.0 1.0 1.0 6.0 2.0 6.0 6.0 4.0 3.0 0.0 1.0 2.0 0.0
p270 6.0 4.0 3.0 0.0 2.0 0.0 5.0 2.0 5.0 3.0 3.0 2.0 2.0 1.0 4.0 0.0 2.0 2.0 2.0 2.0 2.0 2.0 3.0 2.0 3.0 4.0 5.0 1.0 5.0 2.0 0.0 3.0 2.0 1.0 5.0 0.0 4.0 3.0 0.0 0.0 1.0 5.0 4.0 4.0 2.0 3.0 1.0 6.0
p271 2.0 3.0 4.0 3.0 3.0 2.0 1.0 1.0 0.0 4.0 1.0 1.0 1.0 6.0 2.0 0.0 0.0 1.0 4.0 0.0 6.0 0.0 0.0 1.0 1.0 4.0 0.0 1.0 0.0 1.0 4.0 6.0 3.0 3.0 6.0 3.0 1.0 1.0 6.0 5.0 0.0 1.0 4.0 4.0 3.0 4.0 0.0 6.0
p272 2.0 5.0 0.0 1.0 5.0 0.0 2.0 1.0 6.0 1.0 4.0 0.0 0.0 2.0 5.0 3.0 4.0 0.0 5.0 6.0 1.0 6.0 4.0 2.0 4.0 0.0 1.0 6.0 5.0 1.0 0.0 2.0 6.0 0.0 0.0 3.0 6.0 3.0 1.0 3.0 6.0 1.0 0.0 1.0 6.0 3.0 0.0 6.0
p273 3.0 3.0 2.0 2.0 0.0 5.0 4.0 4.0 6.0 0.0 2.0 2.0 1.0 5.0 0.0 1.0 5.0 1.0 5.0 4.0 2.0 6.0 0.0 3.0 0.0 2.0 3.0 5.0 0.0 3.0 2.0 1.0 1.0 5.0 3.0 5.0 1.0 2.0 5.0 1.0 0.0 0.0 1.0 4.0 1.0 0.0 2.0 5.0
p274 1.0 3.0 0.0 2.0 1.0 3.0 0.0 2.0 2.0 2.0 3.0 6.0 5.0 2.0 1.0 1.0 3.0 2.0 3.0 4.0 1.0 2.0 0.0 1.0 4.0 3.0 3.0 6.0 4.0 0.0 3.0 3.0 2.0 5.0 0.0 4.0 6.0 4.0 6.0 0.0 0.0 4.0 4.0 0.0 1.0 0.0 4.0 5.0
p275 3.0 0.0 5.0 3.0 4.0 3.0 2.0 0.0 6.0 5.0 3.0 5.0 5.0 2.0 6.0 3.0 4.0 0.0 1.0 4.0 5.0 2.0 5.0 2.0 0.0 0.0 0.0 2.0 3.0 3.0 2.0 3.0 4.0 5.0 6.0 3.0 5.0 4.0 5.0 2.0 5.0 4.0 1.0 5.0 1.0 1.0 2.0 6.0
p276 5.0 1.0 1.0 2.0 3.0 4.0 5.0 6.0 0.0 6.0 0.0 3.0 1.0 1.0 0.0 0.0 6.0 4.0 2.0 2.0 1.0 4.0 3.0 2.0 5.0 4.0 5.0 6.0 1.0 5.0 0.0 0.0 4.0 4.0 2.0 5.0 0.0 0.0 6.0 5.0 1.0 2.0 4.0 5.0 0.0 6.0 6.0 6.0
p277 3.0 6.0 6.0 6.0 4.0 2.0 5.0 4.0 1.0 4.0 6.0 4.0 1.0 3.0 4.0 2.0 5.0 3.0 1.0 5.0 1.0 1.0 5.0 3.0 6.0 1.0 3.0 0.0 5.0 3.0 1.0 1.0 2.0 3.0 0.0 1.0 5.0 0.0 4.0 3.0 1.0 0.0 3.0 6.0 4.0 3.0 0.0 1.0
p278 1.0 4.0 0.0 3.0 0.0 6.0 1.0 2.0 3.0 6.0 0.0 1.0 2.0 1.0 3.0 5.0 4.0 0.0 3.0 2.0 3.0 5.0 5.0 0.0 6.0 3.0 0.0 2.0 5.0 6.0 4.0 5.0 1.0 1.0 5.0 1.0 1.0 4.0 3.0 3.0 3.0 0.0 1.0 2.0 5.0 2.0 4.0 1.0
p279 6.0 3.0 5.0 5.0 1.0 2.0 0.0 2.0 2.0 5.0 4.0 1.0 4.0 6.0 2.0 1.0 5.0 3.0 0.0 3.0 0.0 5.0 2.0 0.0 0.0 5.0 2.0 2.0 3.0 5.0 6.0 6.0 4.0 4.0 4.0 0.0 2.0 0.0 5.0 0.0 2.0 4.0 1.0 4.0 4.0 1.0 3.0 4.0
p280 2.0 2.0 4.0 1.0 3.0 5.0 4.0 2.0 4.0 5.0 4.0 2.0 5.0 4.0 3.0 5.0 1.0 2.0 1.0 0.0 4.0 4.0 0.0 3.0 6.0 5.0 5.0 6.0 0.0 0.0 1.0 1.0 3.0 6.0 1.0 3.0 2.0 0.0 1.0 1.0 1.0 4.0 3.0 1.0 3.0 3.0 0.0 2.0
p281 3.0 5.0 2.0 6.0 5.0 2.0 0.0 0.0 5.0 0.0 3.0 2.0 5.0 1.0 2.0 5.0 2.0 5.0 1.0 1.0 4.0 4.0 1.0 2.0 5.0 2.0 4.0 4.0 5.0 5.0 0.0 5.0 1.0 2.0 1.0 6.0 5.0 5.0 3.0 1.0 3.0 2.0 1.0 0.0 0.0 1.0 3.0 0.0
p282 2.0 3.0 0.0 6.0 1.0 2.0 6.0 5.0 2.0 3.0 3.0 2.0 0.0 6.0 3.0 1.0 2.0 4.0 2.0 6.0 1.0 0.0 0.0 2.0 5.0 4.0 6.0 1.0 1.0 3.0 3.0 3.0 1.0 2.0 5.0 1.0 2.0 3.0 3.0 0.0 1.0 1.0 0.0 3.0 0.0 4.0 2.0 0.0
p283 5.0 4.0 5.0 4.0 0.0 4.0 6.0 6.0 1.0 6.0 4.0 1.0 0.0 3.0 3.0 4.0 5.0 6.0 3.0 5.0 0.0 0.0 5.0 1.0 4.0 3.0 4.0 6.0 3.0 6.0 0.0 6.0 6.0 3.0 1.0 4.0 4.0 0.0 1.0 6.0 0.0 1.0 1.0 3.0 3.0 1.0 4.0 1.0
p284 1.0 0.0 6.0 6.0 1.0 2.0 4.0 0.0 1.0 1.0 5.0 6.0 0.0 6.0 1.0 6.0 4.0 1.0 0.0 1.0 3.0 0.0 3.0 3.0 3.0 3.0 5.0 1.0 2.0 1.0 3.0 2.0 3.0 2.0 3.0 0.0 0.0 0.0 3.0 4.0 1.0 2.0 3.0 5.0 1.0 2.0 2.0 1.0
p285 5.0 1.0 3.0 5.0 2.0 1.0 1.0 0.0 2.0 0.0 1.0 1.0 5.0 0.0 3.0 2.0 5.0 5.0 1.0 0.0 1.0 1.0 5.0 0.0 3.0 5.0 2.0 5.0 5.0 1.0 6.0 6.0 4.0 6.0 6.0 3.0 4.0 0.0 3.0 6.0 6.0 1.0 4.0 1.0 3.0 0.0 1.0 2.0
p286 4.0 3.0 3.0 0.0 1.0 2.0 4.0 1.0 3.0 6.0 2.0 4.0 6.0 6.0 2.0 3.0 3.0 4.0 1.0 1.0 5.0 3.0 3.0 0.0 1.0 1.0 4.0 4.0 2.0 2.0 1.0 1.0 2.0 4.0 3.0 4.0 2.0 5.0 5.0 2.0 0.0 4.0 5.0 4.0 3.0 3.0 4.0 0.0
p287 2.0 6.0 4.0 2.0 4.0 5.0 2.0 5.0 1.0 0.0 5.0 2.0 1.0 6.0 0.0 5.0 3.0 2.0 3.0 4.0 3.0 5.0 2.0 4.0 5.0 5.0 2.0 5.0 1.0 5.0 0.0 3.0 6.0 5.0 0.0 4.0 0.0 4.0 1.0 2.0 1.0 2.0 2.0 2.0 2.0 0.0 5.0 5.0
p288 5.0 2.0 2.0 6.0 4.0 2.0 0.0 2.0 0.0 5.0 2.0 3.0 0.0 6.0 2.0 5.0 1.0 2.0 2.0 0.0 3.0 6.0 6.0 1.0 4.0 5.0 5.0 1.0 4.0 5.0 5.0 0.0 3.0 4.0 4.0 4.0 6.0 3.0 5.0 5.0 4.0 4.0 1.0 3.0 2.0 1.0 5.0 0.0
p289 5.0 2.0 0.0 6.0 4.0 4.0 2.0 2.0 5.0 2.0 0.0 0.0 6.0 1.0 1.0 3.0 0.0 2.0 5.0 6.0 2.0 0.0 0.0 0.0 4.0 6.0 0.0 3.0 1.0 5.0 6.0 3.0 5.0 0.0 3.0 3.0 3.0 1.0 0.0 4.0 3.0 5.0 1.0 5.0 3.0 1.0 4.0 1.0
p290 6.0 2.0 6.0 3.0 0.0 6.0 6.0 1.0 2.0 1.0 0.0 5.0 0.0 3.0 0.0 1.0 0.0 5.0 2.0 4.0 3.0 4.0 6.0 5.0 6.0 0.0 0.0 4.0 2.0 0.0 1.0 0.0 4.0 5.0 5.0 3.0 1.0 4.0 4.0 2.0 1.0 6.0 2.0 1.0 1.0 6.0 6.0 2.0
p291 4.0 0.0 1.0 0.0 0.0 3.0 1.0 6.0 4.0 0.0 3.0 5.0 6.0 6.0 2.0 3.0 6.0 4.0 5.0 4.0 6.0 3.0 0.0 3.0 3.0 2.0 0.0 1.0 2.0 0.0 1.0 1.0 3.0 4.0 2.0 6.0 1.0 6.0 2.0 0.0 6.0 5.0 5.0 2.0 6.0 3.0 0.0 0.0
p292 4.0 4.0 1.0 2.0 1.0 3.0 6.0 1.0 6.0 4.0 0.0 3.0 2.0 2.0 5.0 6.0 4.0 5.0 5.0 0.0 5.0 6.0 2.0 3.0 6.0 5.0 5.0 5.0 2.0 6.0 1.0 1.0 2.0 3.0 4.0 1.0 5.0 0.0 1.0 3.0 5.0 1.0 1.0 3.0 3.0 2.0 6.0 3.0
p293 0.0 0.0 3.0 5.0 5.0 2.0 0.0 6.0 2.0 0.0 6.0 5.0 2.0 5.0 4.0 4.0 3.0 1.0 0.0 1.0 4.0 5.0 2.0 2.0 0.0 1.0 1.0 0.0 3.0 1.0 0.0 5.0 3.0 5.0 5.0 6.0 4.0 3.0 2.0 1.0 2.0 1.0 6.0 2.0 4.0 0.0 3.0 2.0
p294 2.0 5.0 4.0 1.0 3.0 0.0 3.0 2.0 3.0 1.0 2.0 3.0 6.0 0.0 1.0 0.0 5.0 6.0 5.0 4.0 3.0 2.0 6.0 1.0 3.0 4.0 2.0 2.0 6.0 0.0 6.0 6.0 0.0 0.0 6.0 5.0 1.0 1.0 3.0 0.0 6.0 4.0 4.0 2.0 6.0 4.0 2.0 0.0
p295 1.0 0.0 1.0 3.0 3.0 4.0 5.0 4.0 4.0 1.0 1.0 4.0 0.0 1.0 0.0 3.0 5.0 0.0 6.0 4.0 1.0 2.0 5.0 3.0 5.0 5.0 5.0 5.0 3.0 5.0 0.0 0.0 2.0 6.0 0.0 2.0 0.0 5.0 0.0 3.0 1.0 1.0 3.0 6.0 2.0 3.0 0.0 3.0
p296 3.0 6.0 2.0 5.0 0.0 4.0 4.0 1.0 3.0 5.0 3.0 1.0 6.0 2.0 3.0 6.0 1.0 0.0 1.0 3.0 0.0 3.0 3.0 4.0 4.0 5.0 4.0 3.0 6.0 1.0 4.0 4.0 5.0 6.0 3.0 0.0 6.0 2.0 4.0 5.0 5.0 6.0 0.0 2.0 0.0 3.0 0.0 6.0
p297 5.0 2.0 4.0 0.0 5.0 5.0 4.0 2.0 4.0 1.0 5.0 5.0 6.0 3.0 6.0 2.0 4.0 2.0 4.0 6.0 0.0 0.0 6.0 4.0 0.0 1.0 6.0 2.0 1.0 1.0 3.0 2.0 3.0 3.0 6.0 4.0 6.0 2.0 1.0 3.0 6.0 6.0 0.0 4.0 2.0 2.0 6.0 4.0
p298 6.0 2.0 5.0 2.0 4.0 4.0 0.0 1.0 2.0 3.0 2.0 1.0 6.0 5.0 6.0 5.0 0.0 5.0 1.0 2.0 5.0 1.0 0.0 0.0 1.0 0.0 1.0 4.0 3.0 3.0 5.0 3.0 0.0 1.0 2.0 0.0 1.0 1.0 0.0 3.0 1.0 4.0 3.0 5.0 5.0 2.0 0.0 2.0
p299 3.0 2.0 4.0 6.0 3.0 0.0 4.0 1.0 1.0 2.0 4.0 1.0 4.0 6.0 0.0 1.0 6.0 4.0 2.0 4.0 3.0 6.0 6.0 0.0 6.0 1.0 1.0 0.0 1.0 0.0 6.0 2.0 4.0 5.0 0.0 4.0 3.0 1.0 4.0 0.0 2.0 0.0 2.0 3.0 5.0 3.0 3.0 3.0
p300 2.0 0.0 1.0 5.0 0.0 6.0 0.0 3.0 6.0 4.0 3.0 3.0 0.0 0.0 4.0 1.0 1.0 3.0 1.0 5.0 0.0 3.0 1.0 0.0 0.0 1.0 6.0 4.0 1.0 0.0 0.0 0.0 0.0 4.0 4.0 3.0 1.0 5.0 4.0 3.0 1.0 2.0 1.0 0.0 3.0 5.0 6.0 3.0
p301 3.0 1.0 6.0 5.0 5.0 6.0 2.0 2.0 1.0 6.0 0.0 2.0 3.0 2.0 2.0 2.0 2.0 3.0 4.0 5.0 3.0 6.0 0.0 5.0 4.0 5.0 4.0 3.0 1.0 4.0 0.0 5.0 4.0 0.0 0.0 0.0 4.0 3.0 2.0 5.0 6.0 5.0 2.0 4.0 6.0 1.0 5.0 1.0
p302 4.0 4.0 0.0 0.0 2.0 0.0 1.0 1.0 0.0 6.0 5.0 3.0 5.0 0.0 2.0 5.0 4.0 0.0 3.0 1.0 2.0 3.0 2.0 1.0 0.0 2.0 5.0 4.0 1.0 6.0 3.0 2.0 5.0 1.0 6.0 4.0 1.0 3.0 1.0 0.0 3.0 2.0 1.0 4.0 1.0 3.0 6.0 1.0
p303 1.0 1.0 4.0 1.0 0.0 0.0 3.0 6.0 2.0 6.0 1.0 2.0 4.0 3.0 0.0 0.0 0.0 6.0 0.0 0.0 2.0 5.0 6.0 2.0 1.0 3.0 1.0 3.0 2.0 2.0 4.0 4.0 0.0 2.0 3.0 2.0 3.0 5.0 0.0 0.0 6.0 4.0 6.0 4.0 6.0 4.0 5.0 5.0
p304 6.0 0.0 0.0 0.0 5.0 0.0 4.0 1.0 0.0 2.0 1.0 5.0 5.0 3.0 0.0 6.0 1.0 4.0 1.0 3.0 6.0 2.0 3.0 3.0 4.0 3.0 2.0 6.0 0.0 5.0 5.0 1.0 2.0 0.0 0.0 5.0 0.0 1.0 2.0 4.0 5.0 6.0 1.0 4.0 6.0 1.0 4.0 0.0
p305 4.0 4.0 2.0 3.0 5.0 2.0 0.0 2.0 1.0 5.0 1.0 6.0 6.0 4.0 0.0 1.0 2.0 5.0 1.0 1.0 4.0 3.0 0.0 2.0 3.0 4.0 4.0 0.0 5.0 6.0 2.0 1.0 4.0 2.0 3.0 1.0 4.0 2.0 5.0 1.0 0.0 0.0 5.0 0.0 1.0 3.0 2.0 2.0
p306 6.0 3.0 2.0 1.0 0.0 2.0 6.0 0.0 2.0 2.0 6.0 0.0 5.0 6.0 3.0 5.0 1.0 4.0 1.0 5.0 4.0 0.0 6.0 2.0 5.0 4.0 6.0 1.0 5.0 5.0 6.0 6.0 2.0 2.0 5.0 5.0 2.0 1.0 3.0 2.0 3.0 0.0 4.0 6.0 4.0 1.0 6.0 5.0
p307 3.0 0.0 0.0 1.0 3.0 2.0 1.0 1.0 0.0 4.0 0.0 1.0 5.0 6.0 0.0 6.0 1.0 5.0 5.0 4.0 4.0 3.0 1.0 2.0 2.0 0.0 6.0 5.0 4.0 0.0 4.0 3.0 2.0 1.0 1.0 0.0 2.0 2.0 1.0 0.0 6.0 5.0 4.0 2.0 0.0 3.0 2.0 0.0
p308 3.0 4.0 0.0 5.0 6.0 2.0 2.0 1.0 1.0 3.0 6.0 2.0 5.0 4.0 1.0 6.0 0.0 2.0 0.0 4.0 2.0 5.0 0.0 5.0 2.0 5.0 2.0 3.0 6.0 3.0 4.0 1.0 5.0 2.0 1.0 4.0 2.0 1.0 1.0 3.0 2.0 0.0 6.0 3.0 3.0 1.0 0.0 4.0
p309 0.0 1.0 3.0 1.0 2.0 2.0 4.0 0.0 2.0 2.0 1.0 1.0 0.0 5.0 5.0 1.0 5.0 3.0 6.0 6.0 2.0 2.0 1.0 0.0 2.0 2.0 3.0 5.0 1.0 4.0 6.0 3.0 5.0 0.0 6.0 0.0 5.0 3.0 5.0 4.0 1.0 0.0 5.0 4.0 2.0 0.0 2.0 2.0
p310 0.0 1.0 6.0 3.0 6.0 4.0 3.0 1.0 5.0 0.0 3.0 3.0 1.0 3.0 0.0 4.0 2.0 3.0 6.0 5.0 3.0 3.0 0.0 1.0 4.0 1.0 6.0 2.0 4.0 4.0 0.0 0.0 5.0 1.0 2.0 1.0 5.0 0.0 3.0 5.0 4.0 4.0 2.0 2.0 5.0 4.0 1.0 5.0
p311 1.0 5.0 5.0 5.0 5.0 0.0 5.0 5.0 4.0 2.0 0.0 3.0 4.0 2.0 6.0 3.0 5.0 0.0 6.0 4.0 0.0 1.0 0.0 0.0 1.0 4.0 0.0 4.0 2.0 6.0 6.0 3.0 1.0 4.0 3.0 4.0 5.0 2.0 2.0 4.0 1.0 6.0 1.0 1.0 4.0 6.0 3.0 4.0
p312 0.0 6.0 0.0 0.0 4.0 0.0 0.0 1.0 1.0 3.0 1.0 0.0 0.0 1.0 3.0 4.0 2.0 5.0 3.0 0.0 6.0 1.0 4.0 1.0 4.0 3.0 2.0 3.0 1.0 3.0 3.0 2.0 4.0 2.0 4.0 6.0 2.0 3.0 0.0 6.0 3.0 3.0 6.0 1.0 0.0 3.0 3.0 2.0
p313 0.0 6.0 3.0 0.0 3.0 0.0 1.0 1.0 0.0 5.0 3.0 4.0 5.0 0.0 5.0 6.0 4.0 1.0 0.0 6.0 1.0 1.0 3.0 3.0 2.0 2.0 0.0 1.0 2.0 6.0 5.0 3.0 4.0 0.0 1.0 2.0 5.0 2.0 1.0 1.0 6.0 6.0 5.0 0.0 1.0 6.0 4.0 0.0
p314 0.0 5.0 0.0 1.0 4.0 0.0 4.0 6.0 5.0 4.0 5.0 2.0 4.0 1.0 0.0 0.0 1.0 2.0 2.0 3.0 5.0 4.0 3.0 1.0 2.0 3.0 0.0 0.0 4.0 0.0 0.0 6.0 6.0 0.0 1.0 0.0 6.0 3.0 5.0 1.0 5.0 3.0 3.0 4.0 0.0 4.0 3.0 6.0
p315 4.0 3.0 4.0 1.0 2.0 3.0 3.0 0.0 2.0 0.0 3.0 6.0 3.0 4.0 0.0 5.0 3.0 1.0 4.0 0.0 6.0 0.0 1.0 5.0 0.0 0.0 5.0 2.0 6.0 1.0 1.0 6.0 1.0 2.0 4.0 4.0 2.0 1.0 6.0 6.0 0.0 2.0 0.0 4.0 4.0 4.0 2.0 0.0
p316 0.0 0.0 6.0 6.0 5.0 2.0 6.0 2.0 1.0 0.0 3.0 3.0 1.0 5.0 0.0 2.0 2.0 5.0 4.0 5.0 0.0 0.0 6.0 0.0 1.0 6.0 2.0 2.0 1.0 6.0 5.0 1.0 2.0 2.0 1.0 1.0 4.0 0.0 5.0 5.0 6.0 0.0 0.0 1.0 1.0 6.0 5.0 6.0
p317 3.0 1.0 0.0 1.0 6.0 2.0 1.0 5.0 5.0 1.0 4.0 2.0 0.0 6.0 1.0 5.0 0.0 2.0 2.0 4.0 1.0 3.0 1.0 1.0 0.0 5.0 4.0 4.0 6.0 0.0 0.0 1.0 4.0 3.0 3.0 6.0 2.0 6.0 2.0 2.0 5.0 1.0 1.0 5.0 4.0 5.0 5.0 1.0
p318 4.0 5.0 2.0 0.0 0.0 1.0 2.0 1.0 1.0 4.0 0.0 5.0 1.0 6.0 6.0 0.0 0.0 3.0 3.0 0.0 6.0 4.0 2.0 3.0 6.0 4.0 1.0 1.0 2.0 2.0 0.0 2.0 6.0 3.0 2.0 1.0 4.0 5.0 2.0 4.0 0.0 4.0 4.0 2.0 4.0 6.0 6.0 0.0
p319 2.0 3.0 0.0 3.0 4.0 0.0 0.0 0.0 4.0 0.0 1.0 4.0 0.0 2.0 3.0 5.0 5.0 5.0 5.0 3.0 6.0 6.0 3.0 2.0 1.0 5.0 4.0 3.0 0.0 5.0 3.0 0.0 3.0 0.0 1.0 2.0 1.0 3.0 6.0 3.0 0.0 4.0 6.0 6.0 6.0 1.0 2.0 2.0
p320 4.0 3.0 4.0 1.0 6.0 2.0 6.0 1.0 1.0 0.0 4.0 2.0 0.0 4.0 3.0 2.0 1.0 1.0 1.0 4.0 3.0 3.0 5.0 6.0 5.0 0.0 0.0 0.0 4.0 2.0 0.0 6.0 4.0 2.0 0.0 6.0 6.0 2.0 1.0 5.0 1.0 3.0 2.0 1.0 5.0 6.0 3.0 6.0
p321 5.0 5.0 2.0 6.0 5.0 6.0 4.0 1.0 2.0 5.0 4.0 1.0 2.0 1.0 5.0 3.0 3.0 6.0 4.0 0.0 2.0 1.0 1.0 4.0 4.0 3.0 6.0 0.0 0.0 1.0 4.0 0.0 6.0 2.0 0.0 4.0 2.0 4.0 2.0 2.0 0.0 6.0 1.0 0.0 5.0 0.0 4.0 3.0
p322 0.0 5.0 6.0 1.0 2.0 0.0 1.0 3.0 1.0 3.0 1.0 6.0 1.0 6.0 2.0 1.0 5.0 6.0 0.0 2.0 5.0 6.0 3.0 6.0 4.0 6.0 1.0 1.0 2.0 3.0 2.0 5.0 0.0 3.0 4.0 2.0 5.0 5.0 2.0 2.0 4.0 3.0 2.0 4.0 4.0 5.0 1.0 5.0
p323 4.0 0.0 1.0 4.0 2.0 0.0 6.0 0.0 4.0 4.0 0.0 2.0 2.0 2.0 3.0 3.0 2.0 0.0 1.0 0.0 3.0 0.0 6.0 6.0 1.0 0.0 3.0 3.0 4.0 4.0 4.0 3.0 4.0 6.0 3.0 0.0 1.0 4.0 3.0 5.0 1.0 2.0 1.0 0.0 3.0 3.0 5.0 3.0
p324 6.0 3.0 6.0 4.0 4.0 2.0 2.0 2.0 3.0 4.0 1.0 3.0 4.0 5.0 1.0 3.0 2.0 6.0 2.0 0.0 4.0 2.0 2.0 1.0 1.0 0.0 2.0 5.0 1.0 6.0 4.0 3.0 5.0 2.0 0.0 3.0 6.0 4.0 0.0 5.0 1.0 6.0 5.0 6.0 1.0 2.0 5.0 6.0
p325 1.0 5.0 4.0 4.0 6.0 1.0 5.0 0.0 3.0 5.0 0.0 0.0 4.0 2.0 2.0 1.0 4.0 1.0 0.0 1.0 6.0 2.0 0.0 2.0 6.0 2.0 2.0 5.0 2.0 1.0 4.0 1.0 2.0 5.0 3.0 1.0 3.0 3.0 1.0 5.0 3.0 5.0 3.0 2.0 3.0 0.0 6.0 5.0
p326 0.0 5.0 0.0 4.0 6.0 2.0 3.0 6.0 1.0 4.0 2.0 2.0 0.0 6.0 6.0 5.0 5.0 3.0 2.0 4.0 3.0 1.0 3.0 6.0 2.0 1.0 4.0 5.0 5.0 6.0 2.0 0.0 1.0 4.0 0.0 0.0 1.0 3.0 2.0 6.0 1.0 5.0 2.0 2.0 6.0 3.0 4.0 0.0
p327 0.0 2.0 5.0 0.0 5.0 5.0 4.0 4.0 1.0 3.0 1.0 5.0 0.0 5.0 5.0 4.0 5.0 1.0 4.0 1.0 2.0 0.0 0.0 4.0 0.0 1.0 4.0 4.0 5.0 3.0 2.0 6.0 1.0 5.0 6.0 6.0 1.0 2.0 5.0 5.0 4.0 5.0 1.0 6.0 0.0 4.0 1.0 4.0
p328 6.0 0.0 1.0 4.0 4.0 1.0 1.0 6.0 6.0 4.0 0.0 2.0 5.0 1.0 1.0 3.0 3.0 5.0 5.0 4.0 1.0 0.0 0.0 1.0 5.0 3.0 3.0 5.0 6.0 4.0 0.0 0.0 4.0 2.0 1.0 3.0 1.0 6.0 2.0 2.0 6.0 6.0 0.0 5.0 6.0 4.0 4.0 0.0
p329 0.0 4.0 1.0 1.0 4.0 6.0 0.0 3.0 0.0 3.0 5.0 1.0 5.0 2.0 0.0 4.0 0.0 1.0 1.0 0.0 1.0 4.0 2.0 4.0 2.0 2.0 1.0 2.0 0.0 4.0 1.0 3.0 4.0 0.0 4.0 3.0 0.0 2.0 0.0 6.0 2.0 0.0 0.0 0.0 1.0 0.0 2.0 5.0
p330 2.0 3.0 1.0 5.0 1.0 5.0 3.0 5.0 3.0 2.0 5.0 1.0 2.0 4.0 0.0 4.0 5.0 0.0 5.0 1.0 1.0 5.0 5.0 2.0 3.0 3.0 6.0 3.0 1.0 3.0 0.0 3.0 1.0 2.0 0.0 3.0 1.0 5.0 4.0 0.0 4.0 2.0 6.0 1.0 6.0 3.0 3.0 0.0
p331 2.0 2.0 0.0 3.0 0.0 4.0 1.0 6.0 2.0 2.0 2.0 0.0 1.0 1.0 5.0 3.0 3.0 1.0 5.0 5.0 2.0 3.0 5.0 5.0 2.0 0.0 2.0 2.0 2.0 3.0 0.0 0.0 2.0 4.0 6.0 2.0 6.0 0.0 0.0 4.0 3.0 4.0 2.0 1.0 4.0 0.0 5.0 6.0
p332 4.0 5.0 5.0 3.0 0.0 3.0 2.0 3.0 3.0 3.0 6.0 4.0 3.0 4.0 2.0 0.0 2.0 0.0 3.0 0.0 5.0 5.0 0.0 2.0 2.0 6.0 5.0 4.0 1.0 1.0 3.0 2.0 1.0 1.0 4.0 5.0 1.0 1.0 1.0 6.0 3.0 6.0 0.0 5.0 1.0 3.0 1.0 6.0
p333 6.0 6.0 0.0 3.0 3.0 1.0 2.0 0.0 2.0 0.0 6.0 5.0 4.0 6.0 3.0 0.0 3.0 6.0 2.0 2.0 2.0 6.0 3.0 1.0 5.0 1.0 1.0 2.0 1.0 4.0 1.0 6.0 0.0 4.0 1.0 5.0 4.0 2.0 0.0 3.0 2.0 5.0 5.0 3.0 4.0 4.0 2.0 4.0
p334 6.0 2.0 3.0 1.0 1.0 5.0 5.0 2.0 3.0 0.0 2.0 0.0 1.0 3.0 6.0 0.0 2.0 3.0 6.0 1.0 4.0 6.0 0.0 3.0 3.0 3.0 6.0 2.0 4.0 1.0 4.0 0.0 6.0 0.0 3.0 4.0 3.0 6.0 3.0 3.0 0.0 4.0 6.0 2.0 3.0 1.0 6.0 5.0
p335 4.0 2.0 6.0 0.0 5.0 6.0 1.0 1.0 3.0 5.0 5.0 0.0 3.0 4.0 5.0 0.0 3.0 0.0 2.0 0.0 4.0 6.0 2.0 0.0 1.0 2.0 6.0 3.0 6.0 2.0 4.0 2.0 1.0 6.0 1.0 0.0 1.0 0.0 6.0 0.0 1.0 5.0 6.0 4.0 0.0 4.0 0.0 4.0
p336 4.0 3.0 6.0 0.0 6.0 2.0 5.0 6.0 1.0 0.0 6.0 3.0 0.0 1.0 3.0 1.0 2.0 1.0 4.0 4.0 4.0 1.0 0.0 3.0 5.0 1.0 1.0 1.0 2.0 3.0 2.0 2.0 0.0 5.0 3.0 3.0 2.0 0.0 4.0 2.0 3.0 0.0 5.0 2.0 1.0 5.0 6.0 2.0
p337 2.0 5.0 3.0 0.0 4.0 0.0 4.0 1.0 0.0 6.0 2.0 3.0 5.0 5.0 0.0 6.0 3.0 3.0 3.0 5.0 2.0 0.0 2.0 4.0 0.0 4.0 1.0 1.0 5.0 5.0 0.0 5.0 1.0 1.0 0.0 2.0 0.0 0.0 6.0 4.0 4.0 3.0 3.0 3.0 4.0 4.0 6.0 2.0
p338 4.0 1.0 2.0 5.0 6.0 0.0 5.0 2.0 0.0 3.0 0.0 2.0 5.0 5.0 4.0 1.0 1.0 1.0 1.0 5.0 6.0 0.0 0.0 0.0 2.0 2.0 1.0 0.0 6.0 0.0 4.0 0.0 0.0 6.0 4.0 6.0 5.0 4.0 1.0 3.0 3.0 6.0 6.0 0.0 1.0 0.0 2.0 3.0
p339 4.0 6.0 3.0 5.0 1.0 1.0 3.0 2.0 6.0 5.0 3.0 1.0 1.0 4.0 0.0 6.0 1.0 6.0 0.0 6.0 5.0 1.0 4.0 0.0 0.0 4.0 1.0 3.0 0.0 3.0 5.0 1.0 6.0 3.0 5.0 4.0 6.0 5.0 3.0 4.0 5.0 1.0 1.0 5.0 3.0 5.0 5.0 3.0
p340 6.0 2.0 4.0 2.0 0.0 6.0 4.0 3.0 1.0 3.0 6.0 2.0 4.0 5.0 4.0 5.0 0.0 1.0 2.0 3.0 5.0 1.0 5.0 4.0 1.0 0.0 2.0 0.0 0.0 1.0 0.0 0.0 5.0 0.0 1.0 4.0 6.0 4.0 1.0 3.0 5.0 2.0 3.0 5.0 3.0 4.0 1.0 0.0
p341 3.0 0.0 0.0 1.0 5.0 4.0 5.0 1.0 3.0 6.0 5.0 5.0 2.0 6.0 5.0 2.0 5.0 3.0 3.0 5.0 2.0 4.0 6.0 1.0 4.0 0.0 2.0 5.0 5.0 3.0 1.0 3.0 1.0 4.0 6.0 2.0 4.0 0.0 0.0 3.0 2.0 5.0 5.0 6.0 3.0 1.0 0.0 5.0
p342 6.0 0.0 0.0 0.0 3.0 2.0 2.0 0.0 3.0 5.0 6.0 1.0 5.0 5.0 2.0 0.0 6.0 6.0 6.0 2.0 3.0 1.0 2.0 3.0 6.0 6.0 0.0 1.0 2.0 4.0 5.0 3.0 6.0 2.0 0.0 3.0 6.0 1.0 2.0 5.0 5.0 3.0 5.0 4.0 1.0 0.0 5.0 6.0
p343 5.0 1.0 6.0 3.0 6.0 0.0 5.0 1.0 2.0 1.0 5.0 4.0 5.0 4.0 6.0 2.0 3.0 3.0 4.0 2.0 5.0 5.0 1.0 1.0 1.0 3.0 4.0 3.0 1.0 6.0 1.0 2.0 3.0 6.0 4.0 0.0 4.0 2.0 5.0 1.0 2.0 6.0 1.0 6.0 6.0 4.0 1.0 5.0
p344 6.0 6.0 3.0 0.0 2.0 2.0 5.0 4.0 4.0 0.0 5.0 2.0 1.0 6.0 3.0 6.0 4.0 2.0 4.0 4.0 6.0 1.0 2.0 2.0 4.0 6.0 0.0 0.0 0.0 0.0 0.0 5.0 2.0 5.0 0.0 5.0 6.0 1.0 2.0 3.0 2.0 1.0 2.0 4.0 5.0 6.0 5.0 4.0
p345 1.0 4.0 3.0 0.0 0.0 3.0 3.0 5.0 1.0 0.0 5.0 5.0 0.0 2.0 4.0 6.0 5.0 0.0 3.0 1.0 1.0 3.0 2.0 3.0 6.0 5.0 1.0 2.0 0.0 6.0 4.0 1.0 5.0 3.0 4.0 1.0 5.0 3.0 0.0 1.0 1.0 1.0 3.0 0.0 1.0 2.0 0.0 0.0
p346 3.0 3.0 2.0 1.0 1.0 2.0 6.0 2.0 4.0 6.0 4.0 4.0 2.0 1.0 1.0 2.0 1.0 3.0 5.0 4.0 4.0 3.0 1.0 4.0 2.0 0.0 6.0 2.0 0.0 6.0 2.0 3.0 0.0 2.0 4.0 3.0 0.0 2.0 3.0 5.0 5.0 6.0 5.0 3.0 5.0 1.0 3.0 2.0
p347 3.0 4.0 6.0 5.0 6.0 2.0 1.0 2.0 3.0 3.0 1.0 3.0 1.0 4.0 5.0 3.0 3.0 4.0 0.0 3.0 1.0 4.0 3.0 5.0 6.0 2.0 3.0 1.0 0.0 4.0 3.0 6.0 3.0 2.0 2.0 6.0 1.0 3.0 1.0 5.0 5.0 3.0 4.0 3.0 0.0 1.0 1.0 2.0
p348 1.0 6.0 6.0 0.0 1.0 1.0 0.0 6.0 3.0 1.0 4.0 3.0 6.0 2.0 2.0 6.0 6.0 3.0 5.0 6.0 0.0 0.0 1.0 0.0 6.0 3.0 4.0 1.0 4.0 0.0 1.0 2.0 0.0 2.0 3.0 5.0 0.0 0.0 2.0 4.0 3.0 4.0 6.0 5.0 1.0 4.0 2.0 5.0
p349 6.0 6.0 1.0 0.0 1.0 5.0 1.0 0.0 3.0 3.0 1.0 0.0 2.0 2.0 1.0 6.0 4.0 0.0 6.0 1.0 5.0 6.0 1.0 4.0 6.0 4.0 4.0 4.0 2.0 2.0 0.0 2.0 6.0 0.0 3.0 2.0 4.0 0.0 2.0 5.0 2.0 6.0 1.0 0.0 1.0 4.0 3.0 1.0
p350 0.0 0.0 6.0 3.0 1.0 2.0 4.0 0.0 5.0 0.0 3.0 0.0 5.0 1.0 5.0 0.0 4.0 3.0 0.0 4.0 1.0 6.0 2.0 0.0 0.0 4.0 3.0 4.0 2.0 1.0 3.0 0.0 2.0 2.0 0.0 2.0 0.0 0.0 2.0 6.0 6.0 2.0 2.0 1.0 0.0 3.0 5.0 5.0
p351 0.0 3.0 4.0 0.0 6.0 4.0 1.0 1.0 6.0 3.0 3.0 2.0 2.0 5.0 4.0 2.0 1.0 4.0 1.0 3.0 4.0 4.0 4.0 6.0 5.0 6.0 1.0 1.0 1.0 5.0 4.0 3.0 0.0 0.0 5.0 1.0 5.0 6.0 1.0 0.0 1.0 6.0 0.0 0.0 3.0 5.0 3.0 2.0
p352 5.0 3.0 2.0 0.0 5.0 1.0 4.0 0.0 2.0 5.0 4.0 6.0 0.0 1.0 2.0 2.0 6.0 4.0 6.0 6.0 5.0 0.0 4.0 2.0 3.0 3.0 0.0 5.0 5.0 2.0 5.0 3.0 5.0 6.0 1.0 4.0 1.0 5.0 1.0 5.0 2.0 3.0 2.0 3.0 5.0 0.0 6.0 1.0
p353 2.0 1.0 0.0 3.0 0.0 1.0 6.0 3.0 5.0 0.0 2.0 3.0 5.0 1.0 6.0 0.0 5.0 3.0 4.0 5.0 2.0 2.0 4.0 5.0 4.0 3.0 3.0 0.0 6.0 6.0 4.0 2.0 2.0 2.0 0.0 6.0 1.0 4.0 6.0 6.0 3.0 5.0 1.0 3.0 3.0 0.0 1.0 4.0
p354 1.0 4.0 6.0 5.0 1.0 5.0 1.0 4.0 5.0 5.0 3.0 1.0 2.0 3.0 6.0 4.0 3.0 1.0 4.0 3.0 1.0 0.0 1.0 2.0 5.0 5.0 3.0 3.0 2.0 1.0 1.0 5.0 5.0 5.0 1.0 2.0 6.0 2.0 3.0 2.0 6.0 1.0 3.0 0.0 3.0 2.0 0.0 5.0
p355 0.0 1.0 1.0 4.0 0.0 0.0 1.0 3.0 4.0 6.0 6.0 2.0 6.0 2.0 6.0 6.0 3.0 2.0 5.0 1.0 3.0 5.0 0.0 4.0 2.0 1.0 2.0 6.0 2.0 0.0 1.0 6.0 0.0 0.0 3.0 3.0 5.0 6.0 4.0 1.0 1.0 6.0 5.0 3.0 5.0 2.0 2.0 5.0
p356 5.0 0.0 4.0 2.0 4.0 1.0 3.0 3.0 1.0 2.0 1.0 5.0 4.0 0.0 6.0 2.0 3.0 2.0 4.0 5.0 6.0 1.0 2.0 6.0 5.0 6.0 1.0 3.0 0.0 6.0 5.0 0.0 4.0 0.0 2.0 3.0 5.0 0.0 0.0 2.0 0.0 3.0 3.0 0.0 1.0 1.0 0.0 1.0
p357 6.0 1.0 5.0 6.0 6.0 4.0 1.0 1.0 3.0 0.0 4.0 5.0 5.0 4.0 0.0 5.0 3.0 6.0 3.0 2.0 6.0 4.0 0.0 4.0 5.0 0.0 0.0 2.0 2.0 5.0 6.0 0.0 3.0 4.0 4.0 1.0 0.0 0.0 1.0 4.0 2.0 2.0 0.0 2.0 3.0 5.0 2.0 3.0
p358 3.0 1.0 5.0 1.0 4.0 0.0 3.0 3.0 4.0 4.0 1.0 0.0 2.0 4.0 3.0 3.0 0.0 6.0 1.0 6.0 1.0 1.0 5.0 2.0 6.0 6.0 1.0 4.0 0.0 6.0 1.0 1.0 3.0 1.0 5.0 1.0 1.0 4.0 1.0 2.0 2.0 6.0 6.0 5.0 2.0 3.0 3.0 5.0
p359 0.0 4.0 3.0 1.0 5.0 6.0 4.0 0.0 1.0 5.0 4.0 6.0 3.0 6.0 2.0 5.0 5.0 4.0 4.0 2.0 2.0 5.0 2.0 1.0 0.0 4.0 1.0 5.0 1.0 3.0 1.0 3.0 2.0 5.0 1.0 2.0 1.0 5.0 1.0 1.0 6.0 3.0 0.0 5.0 4.0 5.0 6.0 1.0
p360 6.0 2.0 5.0 3.0 6.0 1.0 2.0 1.0 0.0 0.0 5.0 1.0 0.0 1.0 0.0 5.0 0.0 1.0 3.0 6.0 1.0 1.0 0.0 3.0 6.0 2.0 3.0 4.0 2.0 1.0 1.0 5.0 1.0 4.0 0.0 3.0 5.0 6.0 0.0 4.0 0.0 0.0 1.0 1.0 2.0 6.0 5.0 3.0
p361 1.0 4.0 0.0 4.0 3.0 1.0 3.0 5.0 0.0 4.0 3.0 3.0 2.0 0.0 2.0 6.0 0.0 4.0 5.0 4.0 3.0 6.0 3.0 6.0 5.0 3.0 1.0 5.0 0.0 5.0 6.0 0.0 4.0 5.0 5.0 4.0 6.0 5.0 2.0 3.0 2.0 1.0 1.0 5.0 2.0 6.0 6.0 0.0
p362 6.0 6.0 3.0 4.0 6.0 6.0 3.0 0.0 2.0 4.0 2.0 4.0 0.0 3.0 1.0 6.0 4.0 4.0 1.0 5.0 2.0 2.0 4.0 5.0 2.0 3.0 2.0 0.0 1.0 2.0 4.0 3.0 2.0 2.0 2.0 1.0 5.0 4.0 0.0 5.0 1.0 1.0 5.0 3.0 5.0 4.0 5.0 1.0
p363 5.0 5.0 4.0 4.0 4.0 1.0 2.0 3.0 1.0 6.0 0.0 1.0 1.0 3.0 5.0 0.0 6.0 1.0 3.0 1.0 2.0 1.0 6.0 3.0 3.0 2.0 6.0 2.0 6.0 3.0 1.0 2.0 6.0 6.0 1.0 5.0 2.0 4.0 3.0 0.0 0.0 0.0 0.0 5.0 0.0 6.0 2.0 0.0
p364 1.0 2.0 5.0 5.0 6.0 5.0 0.0 3.0 6.0 0.0 5.0 1.0 3.0 3.0 2.0 2.0 1.0 0.0 2.0 0.0 0.0 4.0 6.0 3.0 0.0 6.0 3.0 2.0 1.0 1.0 0.0 6.0 6.0 3.0 6.0 6.0 4.0 5.0 0.0 3.0 3.0 0.0 2.0 0.0 6.0 2.0 5.0 2.0
p365 6.0 1.0 1.0 1.0 1.0 2.0 0.0 1.0 3.0 3.0 0.0 2.0 3.0 2.0 4.0 5.0 5.0 1.0 6.0 0.0 3.0 2.0 0.0 0.0 2.0 5.0 6.0 0.0 2.0 5.0 3.0 4.0 6.0 4.0 2.0 4.0 1.0 4.0 2.0 2.0 6.0 1.0 4.0 2.0 3.0 0.0 0.0 5.0
p366 3.0 2.0 5.0 3.0 6.0 5.0 3.0 5.0 2.0 1.0 1.0 2.0 2.0 1.0 6.0 3.0 3.0 2.0 6.0 0.0 0.0 5.0 3.0 1.0 3.0 0.0 2.0 6.0 2.0 2.0 0.0 6.0 4.0 3.0 1.0 1.0 6.0 0.0 6.0 5.0 1.0 3.0 0.0 5.0 5.0 2.0 1.0 2.0
p367 2.0 2.0 0.0 6.0 2.0 6.0 0.0 5.0 5.0 3.0 5.0 5.0 6.0 3.0 2.0 0.0 2.0 1.0 0.0 6.0 0.0 6.0 3.0 1.0 0.0 2.0 0.0 1.0 3.0 2.0 6.0 1.0 4.0 2.0 4.0 5.0 1.0 0.0 3.0 2.0 0.0 2.0 4.0 0.0 2.0 3.0 4.0 4.0
p368 4.0 5.0 5.0 2.0 2.0 1.0 0.0 3.0 2.0 6.0 4.0 4.0 6.0 5.0 3.0 3.0 2.0 0.0 1.0 4.0 6.0 2.0 3.0 4.0 1.0 6.0 4.0 2.0 4.0 5.0 1.0 1.0 6.0 6.0 6.0 3.0 0.0 5.0 0.0 3.0 3.0 3.0 2.0 6.0 4.0 5.0 6.0 0.0
p369 5.0 0.0 3.0 2.0 4.0 0.0 6.0 2.0 3.0 1.0 5.0 3.0 2.0 0.0 2.0 3.0 3.0 6.0 2.0 5.0 4.0 2.0 3.0 2.0 3.0 0.0 3.0 0.0 6.0 2.0 4.0 3.0 6.0 6.0 4.0 4.0 6.0 3.0 4.0 3.0 4.0 6.0 2.0 0.0 6.0 3.0 2.0 6.0
p370 2.0 3.0 3.0 4.0 1.0 3.0 2.0 4.0 0.0 4.0 2.0 1.0 2.0 0.0 1.0 2.0 3.0 2.0 0.0 0.0 6.0 0.0 0.0 5.0 6.0 2.0 1.0 1.0 4.0 0.0 5.0 3.0 4.0 4.0 5.0 3.0 0.0 1.0 2.0 4.0 5.0 6.0 2.0 5.0 4.0 0.0 3.0 0.0
p371 4.0 4.0 3.0 0.0 4.0 1.0 1.0 6.0 5.0 2.0 5.0 6.0 6.0 3.0 5.0 1.0 5.0 2.0 1.0 5.0 3.0 5.0 0.0 0.0 0.0 1.0 1.0 2.0 3.0 6.0 3.0 2.0 2.0 0.0 0.0 3.0 6.0 5.0 1.0 1.0 1.0 3.0 3.0 5.0 0.0 6.0 1.0 2.0
p372 1.0 3.0 5.0 3.0 4.0 0.0 3.0 4.0 0.0 0.0 1.0 2.0 5.0 1.0 0.0 5.0 4.0 3.0 0.0 5.0 1.0 6.0 6.0 6.0 5.0 1.0 5.0 5.0 4.0 4.0 5.0 1.0 3.0 3.0 1.0 1.0 1.0 5.0 0.0 4.0 0.0 5.0 2.0 3.0 4.0 1.0 0.0 4.0
p373 2.0 4.0 3.0 6.0 2.0 2.0 1.0 2.0 6.0 2.0 2.0 0.0 6.0 6.0 4.0 1.0 1.0 3.0 3.0 0.0 0.0 5.0 3.0 6.0 0.0 4.0 1.0 6.0 5.0 4.0 1.0 4.0 5.0 0.0 4.0 3.0 3.0 5.0 6.0 5.0 2.0 0.0 5.0 2.0 0.0 5.0 0.0 5.0
p374 1.0 5.0 4.0 3.0 0.0 3.0 0.0 1.0 4.0 6.0 2.0 0.0 4.0 4.0 3.0 6.0 3.0 5.0 1.0 4.0 2.0 6.0 2.0 5.0 1.0 3.0 6.0 3.0 0.0 3.0 4.0 0.0 2.0 5.0 3.0 0.0 2.0 4.0 4.0 0.0 4.0 1.0 5.0 2.0 5.0 3.0 0.0 2.0
p375 2.0 2.0 0.0 2.0 6.0 3.0 0.0 0.0 1.0 1.0 1.0 5.0 4.0 5.0 6.0 2.0 5.0 0.0 4.0 0.0 2.0 3.0 5.0 1.0 2.0 0.0 4.0 3.0 2.0 4.0 6.0 0.0 6.0 0.0 1.0 4.0 2.0 5.0 3.0 0.0 3.0 4.0 1.0 6.0 3.0 2.0 2.0 1.0
p376 3.0 1.0 2.0 4.0 1.0 0.0 2.0 4.0 4.0 0.0 2.0 2.0 0.0 4.0 2.0 4.0 6.0 6.0 6.0 5.0 3.0 6.0 0.0 6.0 5.0 3.0 3.0 2.0 6.0 2.0 0.0 6.0 0.0 0.0 5.0 3.0 0.0 1.0 2.0 5.0 4.0 3.0 0.0 2.0 3.0 0.0 4.0 1.0
p377 0.0 3.0 5.0 4.0 3.0 1.0 1.0 6.0 6.0 0.0 6.0 1.0 3.0 5.0 2.0 0.0 4.0 6.0 4.0 5.0 0.0 1.0 1.0 5.0 1.0 3.0 4.0 0.0 4.0 6.0 4.0 6.0 4.0 4.0 0.0 3.0 3.0 2.0 6.0 4.0 4.0 5.0 1.0 6.0 3.0 3.0 2.0 0.0
p378 5.0 5.0 0.0 0.0 5.0 3.0 6.0 4.0 2.0 4.0 1.0 4.0 2.0 4.0 2.0 4.0 1.0 2.0 1.0 0.0 2.0 3.0 6.0 4.0 6.0 6.0 0.0 3.0 2.0 3.0 5.0 0.0 3.0 3.0 4.0 5.0 2.0 0.0 0.0 5.0 0.0 2.0 2.0 0.0 0.0 6.0 3.0 0.0
p379 3.0 2.0 3.0 0.0 5.0 6.0 2.0 6.0 6.0 2.0 4.0 3.0 5.0 3.0 4.0 6.0 1.0 1.0 2.0 0.0 0.0 4.0 2.0 3.0 2.0 5.0 6.0 5.0 0.0 2.0 1.0 1.0 3.0 5.0 0.0 4.0 4.0 1.0 1.0 0.0 4.0 6.0 1.0 6.0 2.0 1.0 4.0 2.0
p380 1.0 0.0 2.0 6.0 1.0 2.0 0.0 4.0 4.0 1.0 1.0 0.0 3.0 1.0 0.0 3.0 4.0 1.0 0.0 5.0 2.0 4.0 2.0 3.0 6.0 3.0 6.0 3.0 4.0 0.0 3.0 1.0 4.0 2.0 0.0 5.0 3.0 3.0 3.0 2.0 0.0 6.0 1.0 4.0 3.0 6.0 5.0 2.0
p381 5.0 0.0 1.0 6.0 3.0 5.0 1.0 1.0 2.0 0.0 5.0 2.0 1.0 6.0 0.0 1.0 4.0 3.0 6.0 3.0 1.0 6.0 4.0 1.0 0.0 0.0 2.0 4.0 6.0 4.0 0.0 6.0 2.0 1.0 2.0 2.0 2.0 1.0 2.0 4.0 1.0 0.0 4.0 3.0 6.0 5.0 1.0 4.0
p382 0.0 0.0 1.0 6.0 3.0 0.0 3.0 1.0 2.0 1.0 1.0 2.0 2.0 3.0 3.0 3.0 5.0 0.0 5.0 3.0 5.0 2.0 3.0 0.0 1.0 6.0 5.0 1.0 0.0 3.0 1.0 2.0 0.0 5.0 2.0 2.0 1.0 3.0 1.0 6.0 0.0 6.0 1.0 3.0 0.0 2.0 0.0 3.0
p383 1.0 3.0 5.0 2.0 1.0 0.0 4.0 3.0 5.0 1.0 4.0 0.0 1.0 3.0 5.0 6.0 4.0 1.0 1.0 6.0 5.0 3.0 5.0 4.0 0.0 6.0 1.0 0.0 4.0 6.0 3.0 6.0 2.0 6.0 4.0 3.0 0.0 6.0 1.0 6.0 4.0 0.0 2.0 0.0 3.0 1.0 0.0 5.0
p384 4.0 1.0 3.0 2.0 0.0 4.0 4.0 5.0 1.0 1.0 3.0 2.0 4.0 4.0 4.0 6.0 2.0 2.0 2.0 3.0 3.0 1.0 0.0 0.0 1.0 1.0 0.0 0.0 4.0 4.0 2.0 5.0 0.0 5.0 3.0 1.0 1.0 4.0 0.0 2.0 3.0 0.0 1.0 6.0 3.0 4.0 4.0 5.0
p385 0.0 6.0 1.0 5.0 5.0 5.0 0.0 3.0 5.0 6.0 3.0 2.0 6.0 1.0 3.0 6.0 0.0 2.0 0.0 4.0 6.0 0.0 3.0 1.0 1.0 2.0 1.0 2.0 6.0 2.0 5.0 0.0 0.0 6.0 0.0 2.0 2.0 2.0 5.0 1.0 0.0 4.0 6.0 0.0 0.0 0.0 4.0 0.0
p386 0.0 5.0 6.0 2.0 5.0 5.0 5.0 3.0 0.0 4.0 1.0 1.0 2.0 1.0 0.0 4.0 1.0 5.0 1.0 3.0 1.0 5.0 0.0 2.0 4.0 6.0 3.0 2.0 2.0 0.0 5.0 4.0 5.0 3.0 5.0 5.0 0.0 0.0 1.0 2.0 2.0 2.0 0.0 4.0 3.0 0.0 3.0 6.0
p387 5.0 0.0 0.0 0.0 1.0 2.0 1.0 3.0 2.0 1.0 2.0 6.0 3.0 2.0 2.0 1.0 1.0 2.0 2.0 2.0 1.0 2.0 2.0 1.0 1.0 1.0 5.0 2.0 1.0 4.0 6.0 2.0 2.0 3.0 3.0 0.0 5.0 2.0 5.0 6.0 5.0 5.0 3.0 5.0 6.0 0.0 5.0 1.0
p388 6.0 5.0 2.0 2.0 1.0 3.0 6.0 0.0 4.0 3.0 5.0 1.0 0.0 2.0 4.0 4.0 5.0 2.0 6.0 6.0 0.0 1.0 1.0 4.0 1.0 1.0 5.0 0.0 3.0 1.0 4.0 0.0 3.0 6.0 4.0 5.0 2.0 4.0 5.0 4.0 6.0 5.0 0.0 5.0 0.0 1.0 2.0 4.0
p389 0.0 6.0 3.0 6.0 2.0 0.0 3.0 6.0 1.0 4.0 2.0 1.0 2.0 4.0 2.0 1.0 2.0 4.0 3.0 6.0 3.0 3.0 0.0 2.0 6.0 0.0 0.0 3.0 2.0 6.0 1.0 3.0 5.0 5.0 4.0 1.0 5.0 2.0 6.0 2.0 2.0 0.0 1.0 0.0 2.0 2.0 5.0 3.0
p390 4.0 2.0 1.0 5.0 2.0 3.0 6.0 3.0 4.0 6.0 5.0 1.0 1.0 3.0 4.0 4.0 2.0 6.0 3.0 0.0 3.0 1.0 1.0 3.0 5.0 1.0 5.0 3.0 3.0 5.0 1.0 6.0 1.0 6.0 6.0 2.0 3.0 3.0 4.0 1.0 5.0 3.0 0.0 3.0 4.0 4.0 3.0 2.0
p391 3.0 1.0 5.0 3.0 1.0 1.0 1.0 0.0 0.0 0.0 5.0 3.0 6.0 2.0 1.0 2.0 0.0 6.0 4.0 5.0 0.0 3.0 1.0 1.0 1.0 2.0 4.0 5.0 5.0 3.0 1.0 1.0 2.0 5.0 0.0 4.0 1.0 2.0 3.0 5.0 3.0 0.0 0.0 1.0 4.0 2.0 2.0 3.0
p392 2.0 2.0 5.0 2.0 2.0 5.0 3.0 6.0 0.0 4.0 0.0 1.0 4.0 6.0 2.0 0.0 0.0 2.0 4.0 4.0 2.0 1.0 5.0 4.0 5.0 5.0 1.0 4.0 2.0 6.0 1.0 4.0 1.0 3.0 0.0 2.0 6.0 4.0 0.0 2.0 2.0 1.0 1.0 1.0 2.0 2.0 4.0 5.0
p393 2.0 3.0 0.0 4.0 4.0 0.0 0.0 1.0 0.0 1.0 1.0 2.0 0.0 4.0 2.0 1.0 4.0 1.0 0.0 0.0 1.0 0.0 0.0 5.0 0.0 0.0 6.0 5.0 3.0 5.0 5.0 2.0 2.0 2.0 1.0 3.0 0.0 0.0 2.0 5.0 1.0 3.0 2.0 2.0 4.0 6.0 1.0 0.0
p394 0.0 1.0 2.0 6.0 6.0 1.0 3.0 6.0 6.0 6.0 0.0 3.0 1.0 6.0 2.0 0.0 5.0 0.0 5.0 3.0 5.0 1.0 0.0 1.0 3.0 3.0 4.0 3.0 6.0 0.0 4.0 6.0 3.0 3.0 3.0 4.0 1.0 4.0 1.0 6.0 3.0 5.0 4.0 6.0 1.0 4.0 3.0 5.0
p395 3.0 2.0 6.0 1.0 1.0 2.0 1.0 3.0 4.0 3.0 6.0 5.0 0.0 0.0 1.0 2.0 2.0 5.0 5.0 0.0 0.0 2.0 6.0 4.0 3.0 2.0 0.0 4.0 3.0 4.0 4.0 1.0 2.0 4.0 5.0 4.0 0.0 6.0 3.0 1.0 2.0 3.0 5.0 2.0 4.0 2.0 4.0 4.0
p396 3.0 2.0 5.0 3.0 3.0 3.0 2.0 4.0 4.0 6.0 6.0 4.0 1.0 2.0 1.0 2.0 0.0 0.0 2.0 6.0 3.0 4.0 5.0 5.0 1.0 4.0 5.0 1.0 0.0 2.0 5.0 2.0 5.0 0.0 5.0 4.0 5.0 1.0 2.0 4.0 2.0 1.0 5.0 6.0 3.0 1.0 2.0 6.0
p397 3.0 1.0 6.0 5.0 0.0 0.0 1.0 6.0 3.0 1.0 1.0 5.0 3.0 2.0 5.0 1.0 1.0 4.0 4.0 2.0 5.0 3.0 3.0 0.0 1.0 1.0 4.0 5.0 1.0 6.0 5.0 6.0 1.0 3.0 5.0 3.0 2.0 6.0 6.0 6.0 0.0 1.0 1.0 1.0 2.0 6.0 3.0 1.0
p398 5.0 0.0 5.0 1.0 3.0 5.0 5.0 0.0 2.0 0.0 5.0 0.0 0.0 5.0 3.0 1.0 3.0 2.0 3.0 4.0 6.0 0.0 2.0 4.0 2.0 4.0 6.0 4.0 1.0 0.0 4.0 5.0 6.0 3.0 0.0 5.0 6.0 2.0 6.0 5.0 1.0 3.0 6.0 2.0 4.0 0.0 0.0 4.0
p399 1.0 1.0 3.0 1.0 0.0 2.0 0.0 0.0 2.0 1.0 5.0 2.0 3.0 0.0 6.0 0.0 5.0 3.0 6.0 0.0 4.0 5.0 4.0 6.0 5.0 2.0 2.0 5.0 5.0 4.0 2.0 6.0 1.0 0.0 4.0 5.0 6.0 4.0 4.0 1.0 3.0 4.0 1.0 0.0 4.0 0.0 4.0 2.0
p400 1.0 2.0 4.0 0.0 2.0 5.0 4.0 5.0 0.0 2.0 1.0 6.0 4.0 0.0 4.0 4.0 3.0 1.0 3.0 1.0 4.0 5.0 3.0 4.0 1.0 6.0 0.0 5.0 3.0 0.0 5.0 1.0 0.0 3.0 1.0 1.0 1.0 0.0 3.0 2.0 0.0 5.0 2.0 2.0 0.0 1.0 4.0 2.0
p401 1.0 1.0 4.0 1.0 0.0 1.0 6.0 0.0 2.0 6.0 5.0 2.0 0.0 1.0 1.0 5.0 0.0 0.0 0.0 3.0 2.0 4.0 0.0 4.0 5.0 1.0 4.0 1.0 3.0 0.0 0.0 3.0 5.0 2.0 0.0 6.0 6.0 6.0 6.0 3.0 3.0 2.0 5.0 0.0 5.0 0.0 6.0 5.0
p402 0.0 6.0 2.0 4.0 6.0 0.0 0.0 5.0 1.0 3.0 5.0 2.0 3.0 5.0 6.0 0.0 0.0 0.0 3.0 1.0 2.0 3.0 2.0 6.0 2.0 6.0 0.0 5.0 3.0 3.0 0.0 2.0 3.0 1.0 1.0 4.0 2.0 4.0 6.0 4.0 3.0 2.0 6.0 3.0 5.0 2.0 2.0 3.0
p403 4.0 3.0 6.0 1.0 3.0 0.0 4.0 3.0 5.0 6.0 0.0 6.0 0.0 4.0 4.0 0.0 1.0 6.0 3.0 6.0 2.0 1.0 3.0 0.0 6.0 4.0 4.0 5.0 4.0 0.0 2.0 2.0 2.0 3.0 1.0 2.0 1.0 5.0 0.0 6.0 4.0 3.0 0.0 6.0 1.0 6.0 6.0 3.0
p404 3.0 5.0 6.0 3.0 6.0 4.0 0.0 3.0 6.0 0.0 3.0 0.0 4.0 3.0 4.0 3.0 4.0 6.0 5.0 3.0 3.0 3.0 0.0 4.0 5.0 1.0 4.0 3.0 5.0 2.0 2.0 4.0 1.0 3.0 0.0 5.0 3.0 3.0 3.0 6.0 0.0 2.0 6.0 0.0 4.0 1.0 1.0 5.0
p405 0.0 4.0 4.0 0.0 1.0 6.0 0.0 2.0 5.0 1.0 1.0 6.0 5.0 4.0 1.0 0.0 3.0 3.0 1.0 6.0 3.0 3.0 3.0 2.0 1.0 2.0 4.0 4.0 2.0 5.0 1.0 2.0 2.0 1.0 6.0 3.0 2.0 4.0 3.0 3.0 2.0 2.0 5.0 0.0 4.0 2.0 3.0 5.0
p406 5.0 4.0 1.0 1.0 6.0 0.0 2.0 0.0 4.0 3.0 1.0 5.0 2.0 1.0 2.0 2.0 0.0 6.0 6.0 2.0 2.0 0.0 5.0 1.0 3.0 0.0 1.0 4.0 2.0 6.0 1.0 3.0 2.0 6.0 3.0 4.0 2.0 1.0 6.0 4.0 0.0 1.0 2.0 1.0 5.0 1.0 4.0 4.0
p407 2.0 6.0 0.0 2.0 6.0 6.0 5.0 6.0 4.0 4.0 1.0 4.0 2.0 1.0 2.0 4.0 4.0 0.0 0.0 0.0 6.0 2.0 3.0 5.0 1.0 1.0 0.0 5.0 5.0 4.0 4.0 0.0 6.0 5.0 1.0 6.0 0.0 0.0 4.0 2.0 3.0 1.0 0.0 3.0 0.0 5.0 0.0 0.0
p408 4.0 4.0 2.0 0.0 1.0 4.0 0.0 3.0 2.0 2.0 6.0 6.0 0.0 0.0 4.0 5.0 0.0 3.0 6.0 1.0 3.0 0.0 0.0 3.0 1.0 2.0 0.0 3.0 4.0 1.0 6.0 0.0 3.0 3.0 3.0 6.0 1.0 1.0 3.0 0.0 4.0 2.0 4.0 2.0 4.0 0.0 5.0 5.0
p409 3.0 3.0 3.0 4.0 0.0 2.0 0.0 3.0 0.0 0.0 4.0 3.0 2.0 3.0 0.0 0.0 1.0 0.0 6.0 0.0 1.0 4.0 5.0 3.0 5.0 2.0 1.0 1.0 2.0 0.0 2.0 0.0 3.0 5.0 0.0 2.0 5.0 3.0 1.0 0.0 4.0 6.0 1.0 5.0 5.0 3.0 2.0 1.0
p410 2.0 3.0 0.0 4.0 1.0 5.0 3.0 4.0 4.0 4.0 5.0 4.0 0.0 2.0 5.0 1.0 5.0 1.0 0.0 2.0 5.0 0.0 0.0 0.0 5.0 6.0 2.0 2.0 1.0 4.0 1.0 0.0 2.0 4.0 2.0 5.0 5.0 3.0 6.0 0.0 4.0 4.0 4.0 5.0 5.0 2.0 0.0 0.0
p411 1.0 1.0 3.0 0.0 2.0 2.0 2.0 6.0 6.0 2.0 0.0 2.0 6.0 6.0 4.0 6.0 2.0 4.0 5.0 6.0 0.0 0.0 4.0 3.0 0.0 0.0 4.0 0.0 2.0 6.0 4.0 6.0 1.0 2.0 2.0 2.0 2.0 1.0 4.0 1.0 1.0 5.0 6.0 0.0 0.0 3.0 3.0 0.0
p412 4.0 6.0 3.0 1.0 4.0 6.0 5.0 1.0 3.0 5.0 1.0 4.0 4.0 1.0 4.0 6.0 1.0 2.0 0.0 3.0 4.0 4.0 3.0 2.0 5.0 0.0 5.0 6.0 0.0 3.0 5.0 2.0 1.0 0.0 3.0 3.0 1.0 5.0 4.0 2.0 0.0 6.0 1.0 2.0 0.0 4.0 1.0 0.0
p413 4.0 2.0 4.0 3.0 2.0 2.0 5.0 4.0 3.0 3.0 6.0 2.0 3.0 0.0 0.0 0.0 3.0 5.0 4.0 4.0 5.0 6.0 0.0 4.0 4.0 0.0 2.0 1.0 3.0 0.0 6.0 1.0 0.0 6.0 4.0 1.0 4.0 2.0 6.0 0.0 4.0 1.0 2.0 3.0 0.0 2.0 5.0 6.0
p414 2.0 6.0 2.0 6.0 1.0 0.0 4.0 2.0 1.0 3.0 4.0 0.0 6.0 3.0 4.0 3.0 0.0 1.0 3.0 2.0 0.0 4.0 5.0 5.0 4.0 3.0 4.0 2.0 5.0 3.0 3.0 5.0 1.0 2.0 4.0 2.0 1.0 4.0 5.0 1.0 1.0 2.0 6.0 5.0 0.0 0.0 5.0 5.0
p415 4.0 2.0 1.0 3.0 4.0 6.0 6.0 0.0 3.0 4.0 3.0 2.0 0.0 1.0 2.0 5.0 5.0 3.0 5.0 5.0 2.0 1.0 1.0 0.0 5.0 0.0 0.0 6.0 3.0 2.0 0.0 4.0 5.0 0.0 0.0 2.0 0.0 5.0 4.0 4.0 3.0 5.0 3.0 1.0 4.0 1.0 4.0 2.0
p416 1.0 1.0 4.0 3.0 5.0 4.0 2.0 2.0 2.0 3.0 0.0 1.0 2.0 2.0 2.0 3.0 1.0 0.0 3.0 1.0 4.0 3.0 0.0 1.0 0.0 2.0 0.0 4.0 1.0 2.0 2.0 0.0 0.0 3.0 2.0 3.0 5.0 2.0 2.0 6.0 5.0 6.0 4.0 5.0 5.0 2.0 3.0 5.0
p417 1.0 2.0 0.0 3.0 0.0 5.0 5.0 6.0 5.0 2.0 3.0 2.0 3.0 2.0 6.0 3.0 4.0 5.0 1.0 4.0 5.0 6.0 0.0 4.0 2.0 0.0 4.0 2.0 6.0 2.0 1.0 1.0 0.0 4.0 1.0 0.0 0.0 3.0 1.0 0.0 2.0 2.0 3.0 1.0 2.0 5.0 3.0 2.0
p418 0.0 5.0 6.0 4.0 1.0 1.0 6.0 2.0 4.0 5.0 3.0 1.0 5.0 2.0 0.0 2.0 2.0 2.0 3.0 3.0 0.0 1.0 0.0 2.0 1.0 0.0 3.0 6.0 4.0 4.0 0.0 3.0 0.0 1.0 3.0 5.0 6.0 2.0 6.0 2.0 4.0 4.0 6.0 5.0 3.0 0.0 5.0 2.0
p419 0.0 4.0 0.0 2.0 1.0 3.0 3.0 4.0 2.0 0.0 1.0 2.0 3.0 5.0 6.0 6.0 6.0 3.0 3.0 3.0 1.0 1.0 1.0 1.0 6.0 3.0 0.0 0.0 4.0 0.0 3.0 0.0 6.0 4.0 1.0 1.0 3.0 4.0 1.0 5.0 3.0 1.0 3.0 6.0 1.0 0.0 3.0 2.0
p420 6.0 5.0 0.0 4.0 3.0 0.0 2.0 2.0 3.0 5.0 3.0 6.0 1.0 4.0 2.0 2.0 2.0 2.0 1.0 6.0 2.0 0.0 5.0 3.0 2.0 4.0 2.0 0.0 2.0 6.0 0.0 1.0 2.0 4.0 6.0 2.0 2.0 4.0 1.0 4.0 0.0 4.0 2.0 1.0 4.0 2.0 2.0 2.0
p421 4.0 0.0 2.0 5.0 1.0 3.0 3.0 0.0 0.0 4.0 6.0 1.0 0.0 6.0 0.0 1.0 5.0 4.0 6.0 2.0 5.0 0.0 1.0 0.0 5.0 6.0 2.0 1.0 4.0 1.0 0.0 6.0 6.0 3.0 3.0 2.0 4.0 4.0 1.0 6.0 1.0 0.0 0.0 3.0 6.0 5.0 1.0 2.0
p422 2.0 6.0 2.0 0.0 6.0 1.0 2.0 6.0 2.0 1.0 0.0 5.0 0.0 6.0 4.0 1.0 0.0 5.0 1.0 5.0 2.0 3.0 4.0 1.0 1.0 5.0 0.0 0.0 4.0 6.0 2.0 3.0 5.0 3.0 2.0 0.0 1.0 1.0 6.0 5.0 0.0 5.0 0.0 6.0 0.0 0.0 5.0 0.0
p423 2.0 5.0 0.0 3.0 1.0 1.0 3.0 6.0 1.0 3.0 1.0 6.0 4.0 0.0 4.0 0.0 3.0 2.0 3.0 5.0 1.0 2.0 3.0 1.0 4.0 6.0 1.0 0.0 0.0 2.0 4.0 4.0 3.0 1.0 4.0 4.0 6.0 6.0 0.0 6.0 3.0 5.0 5.0 5.0 4.0 4.0 2.0 4.0
p424 2.0 2.0 6.0 1.0 5.0 5.0 1.0 4.0 2.0 1.0 0.0 2.0 4.0 2.0 6.0 2.0 3.0 5.0 1.0 4.0 3.0 2.0 2.0 4.0 6.0 2.0 1.0 4.0 6.0 6.0 2.0 1.0 1.0 2.0 0.0 5.0 4.0 1.0 5.0 1.0 6.0 3.0 3.0 0.0 6.0 4.0 1.0 2.0
p425 0.0 0.0 0.0 2.0 6.0 4.0 4.0 1.0 5.0 1.0 2.0 6.0 2.0 4.0 2.0 3.0 5.0 5.0 1.0 4.0 1.0 5.0 4.0 0.0 6.0 1.0 3.0 5.0 2.0 0.0 0.0 6.0 6.0 0.0 1.0 6.0 6.0 6.0 4.0 3.0 2.0 5.0 0.0 6.0 5.0 6.0 4.0 5.0
p426 2.0 6.0 2.0 2.0 4.0 0.0 1.0 3.0 0.0 2.0 2.0 3.0 6.0 5.0 2.0 0.0 6.0 6.0 2.0 5.0 5.0 6.0 5.0 1.0 3.0 3.0 4.0 2.0 3.0 3.0 3.0 3.0 5.0 4.0 2.0 3.0 4.0 3.0 5.0 2.0 6.0 4.0 4.0 2.0 2.0 1.0 2.0 6.0
p427 6.0 0.0 2.0 3.0 0.0 0.0 3.0 6.0 2.0 0.0 1.0 0.0 3.0 4.0 3.0 2.0 6.0 6.0 6.0 2.0 0.0 3.0 3.0 5.0 2.0 0.0 0.0 0.0 3.0 4.0 4.0 1.0 4.0 0.0 5.0 5.0 5.0 4.0 0.0 0.0 1.0 4.0 4.0 1.0 6.0 1.0 2.0 2.0
p428 2.0 1.0 3.0 3.0 5.0 0.0 3.0 2.0 5.0 1.0 2.0 6.0 0.0 4.0 0.0 0.0 0.0 1.0 1.0 6.0 0.0 2.0 0.0 2.0 4.0 0.0 2.0 2.0 0.0 1.0 2.0 4.0 5.0 3.0 2.0 2.0 5.0 4.0 5.0 4.0 0.0 5.0 0.0 4.0 3.0 5.0 3.0 6.0
p429 5.0 4.0 6.0 4.0 2.0 1.0 4.0 5.0 2.0 3.0 5.0 3.0 3.0 0.0 6.0 2.0 5.0 2.0 3.0 0.0 0.0 5.0 3.0 3.0 2.0 3.0 3.0 0.0 3.0 3.0 4.0 5.0 4.0 4.0 1.0 0.0 0.0 0.0 1.0 0.0 2.0 6.0 5.0 1.0 1.0 6.0 5.0 2.0
p430 6.0 5.0 5.0 4.0 3.0 5.0 1.0 3.0 0.0 4.0 5.0 1.0 4.0 4.0 2.0 3.0 2.0 4.0 4.0 1.0 1.0 4.0 5.0 4.0 5.0 6.0 5.0 5.0 0.0 2.0 0.0 1.0 2.0 3.0 1.0 2.0 0.0 0.0 0.0 1.0 0.0 2.0 1.0 0.0 3.0 4.0 4.0 2.0
p431 6.0 0.0 0.0 1.0 6.0 1.0 5.0 6.0 6.0 1.0 3.0 5.0 2.0 3.0 0.0 5.0 0.0 0.0 2.0 1.0 4.0 2.0 1.0 1.0 4.0 1.0 1.0 2.0 2.0 5.0 2.0 5.0 0.0 6.0 1.0 3.0 2.0 5.0 0.0 0.0 1.0 3.0 4.0 0.0 1.0 3.0 1.0 0.0
p432 2.0 3.0 2.0 0.0 4.0 5.0 6.0 0.0 6.0 2.0 0.0 3.0 2.0 1.0 6.0 0.0 4.0 6.0 2.0 6.0 0.0 3.0 3.0 0.0 5.0 4.0 2.0 2.0 1.0 1.0 3.0 6.0 5.0 2.0 1.0 6.0 4.0 2.0 4.0 1.0 3.0 0.0 0.0 1.0 1.0 3.0 6.0 6.0
p433 5.0 1.0 2.0 4.0 4.0 3.0 4.0 3.0 6.0 2.0 6.0 3.0 6.0 4.0 2.0 5.0 3.0 0.0 5.0 5.0 4.0 3.0 3.0 0.0 0.0 3.0 3.0 0.0 2.0 4.0 2.0 3.0 1.0 2.0 4.0 5.0 0.0 4.0 2.0 6.0 4.0 6.0 3.0 3.0 2.0 4.0 0.0 1.0
p434 0.0 4.0 1.0 6.0 1.0 1.0 5.0 0.0 1.0 3.0 6.0 6.0 2.0 4.0 5.0 2.0 0.0 0.0 4.0 5.0 4.0 6.0 0.0 5.0 1.0 6.0 6.0 0.0 2.0 1.0 0.0 1.0 1.0 0.0 3.0 3.0 0.0 1.0 4.0 3.0 0.0 0.0 1.0 1.0 1.0 4.0 0.0 4.0
p435 0.0 0.0 4.0 2.0 3.0 1.0 2.0 0.0 0.0 2.0 0.0 2.0 2.0 3.0 0.0 3.0 4.0 0.0 0.0 2.0 5.0 2.0 6.0 4.0 5.0 3.0 2.0 5.0 3.0 1.0 0.0 0.0 1.0 1.0 0.0 2.0 3.0 6.0 2.0 0.0 5.0 5.0 1.0 1.0 4.0 3.0 6.0 6.0
p436 2.0 6.0 4.0 2.0 2.0 4.0 3.0 6.0 3.0 6.0 0.0 6.0 1.0 3.0 5.0 2.0 2.0 0.0 1.0 1.0 3.0 1.0 0.0 1.0 2.0 5.0 4.0 4.0 3.0 4.0 3.0 3.0 4.0 3.0 6.0 0.0 3.0 2.0 4.0 3.0 0.0 6.0 3.0 0.0 4.0 6.0 6.0 3.0
p437 5.0 5.0 4.0 0.0 3.0 5.0 5.0 2.0 4.0 4.0 5.0 2.0 3.0 1.0 0.0 4.0 0.0 0.0 6.0 1.0 4.0 3.0 3.0 4.0 4.0 2.0 6.0 5.0 0.0 1.0 0.0 1.0 2.0 3.0 1.0 1.0 0.0 4.0 1.0 4.0 2.0 4.0 4.0 0.0 4.0 2.0 3.0 5.0
p438 5.0 3.0 2.0 4.0 1.0 1.0 2.0 3.0 2.0 1.0 6.0 2.0 6.0 4.0 6.0 1.0 5.0 2.0 4.0 0.0 3.0 1.0 4.0 1.0 0.0 1.0 1.0 4.0 2.0 2.0 1.0 6.0 4.0 3.0 3.0 2.0 0.0 0.0 2.0 0.0 0.0 1.0 1.0 3.0 3.0 5.0 2.0 3.0
p439 4.0 1.0 1.0 5.0 0.0 2.0 1.0 2.0 1.0 1.0 3.0 2.0 3.0 2.0 3.0 6.0 3.0 5.0 1.0 3.0 4.0 5.0 5.0 6.0 0.0 4.0 4.0 4.0 3.0 0.0 4.0 0.0 3.0 0.0 4.0 4.0 0.0 0.0 1.0 0.0 0.0 6.0 2.0 1.0 1.0 2.0 3.0 0.0
p440 1.0 0.0 5.0 2.0 3.0 6.0 1.0 5.0 1.0 4.0 1.0 3.0 0.0 0.0 4.0 6.0 4.0 0.0 2.0 2.0 5.0 0.0 0.0 2.0 1.0 6.0 6.0 3.0 5.0 5.0 5.0 5.0 1.0 6.0 1.0 0.0 6.0 2.0 0.0 4.0 3.0 3.0 6.0 5.0 1.0 1.0 5.0 4.0
p441 1.0 5.0 0.0 4.0 0.0 4.0 3.0 0.0 0.0 5.0 5.0 4.0 0.0 5.0 6.0 5.0 2.0 2.0 2.0 6.0 4.0 1.0 1.0 6.0 4.0 2.0 1.0 5.0 2.0 2.0 3.0 1.0 0.0 1.0 4.0 0.0 6.0 2.0 1.0 6.0 6.0 3.0 3.0 6.0 2.0 5.0 1.0 0.0
p442 4.0 4.0 1.0 5.0 5.0 0.0 5.0 6.0 1.0 5.0 2.0 3.0 1.0 5.0 3.0 2.0 5.0 3.0 1.0 3.0 3.0 2.0 0.0 1.0 3.0 1.0 3.0 1.0 1.0 0.0 2.0 4.0 4.0 2.0 1.0 6.0 1.0 3.0 2.0 6.0 6.0 0.0 6.0 1.0 6.0 5.0 0.0 6.0
p443 2.0 4.0 6.0 2.0 3.0 5.0 2.0 4.0 4.0 1.0 5.0 6.0 1.0 3.0 6.0 4.0 3.0 1.0 4.0 1.0 6.0 6.0 3.0 4.0 0.0 2.0 4.0 4.0 3.0 1.0 3.0 6.0 5.0 0.0 3.0 6.0 0.0 6.0 2.0 1.0 1.0 4.0 0.0 0.0 0.0 0.0 0.0 4.0
p444 3.0 2.0 4.0 1.0 6.0 4.0 3.0 5.0 0.0 0.0 1.0 1.0 5.0 3.0 5.0 1.0 3.0 0.0 4.0 1.0 0.0 2.0 6.0 5.0 2.0 2.0 0.0 4.0 6.0 0.0 0.0 2.0 0.0 6.0 3.0 2.0 2.0 4.0 2.0 0.0 2.0 1.0 0.0 0.0 1.0 3.0 4.0 6.0
p445 6.0 0.0 5.0 3.0 1.0 4.0 4.0 1.0 6.0 3.0 4.0 1.0 0.0 2.0 5.0 1.0 2.0 0.0 0.0 2.0 4.0 4.0 6.0 3.0 2.0 3.0 6.0 6.0 5.0 1.0 5.0 2.0 0.0 6.0 2.0 5.0 0.0 4.0 0.0 3.0 5.0 1.0 1.0 5.0 1.0 6.0 2.0 0.0
p446 2.0 4.0 3.0 2.0 1.0 6.0 6.0 6.0 4.0 6.0 6.0 1.0 6.0 1.0 0.0 3.0 4.0 2.0 5.0 3.0 0.0 3.0 3.0 2.0 6.0 6.0 4.0 3.0 4.0 0.0 2.0 6.0 1.0 0.0 1.0 2.0 3.0 2.0 3.0 3.0 1.0 2.0 5.0 6.0 6.0 0.0 6.0 0.0
p447 0.0 5.0 2.0 5.0 5.0 0.0 0.0 3.0 5.0 0.0 6.0 2.0 2.0 2.0 4.0 0.0 5.0 3.0 1.0 2.0 1.0 4.0 1.0 4.0 1.0 3.0 2.0 3.0 3.0 6.0 6.0 6.0 2.0 3.0 1.0 1.0 3.0 1.0 0.0 2.0 0.0 3.0 0.0 0.0 1.0 2.0 6.0 5.0
p448 0.0 1.0 2.0 4.0 6.0 3.0 3.0 0.0 4.0 6.0 5.0 1.0 4.0 5.0 0.0 1.0 0.0 2.0 6.0 5.0 1.0 6.0 5.0 1.0 2.0 0.0 1.0 1.0 0.0 4.0 4.0 2.0 4.0 3.0 5.0 3.0 0.0 1.0 4.0 4.0 0.0 5.0 3.0 4.0 2.0 6.0 2.0 6.0
p449 6.0 4.0 5.0 0.0 2.0 0.0 2.0 4.0 6.0 3.0 3.0 6.0 6.0 5.0 0.0 6.0 4.0 2.0 5.0 3.0 0.0 1.0 4.0 0.0 1.0 1.0 6.0 3.0 4.0 1.0 1.0 1.0 6.0 2.0 3.0 1.0 4.0 3.0 5.0 2.0 3.0 6.0 0.0 1.0 6.0 5.0 3.0 5.0
p450 3.0 5.0 1.0 0.0 6.0 5.0 5.0 5.0 0.0 2.0 3.0 2.0 5.0 6.0 5.0 0.0 2.0 1.0 2.0 0.0 4.0 2.0 2.0 5.0 1.0 5.0 0.0 4.0 6.0 1.0 5.0 1.0 5.0 5.0 3.0 6.0 2.0 1.0 4.0 3.0 3.0 6.0 1.0 1.0 4.0 2.0 6.0 2.0
