p1 0.0 2.0 0.0 2.0 5.0 6.0 0.0 2.0 5.0 5.0 4.0 0.0 0.0 4.0 0.0 1.0 2.0 2.0 3.0 2.0 0.0 0.0 0.0 6.0 5.0 5.0 2.0 0.0 2.0 6.0 2.0 6.0 0.0 3.0 2.0 3.0 5.0 2.0 5.0 0.0 3.0 1.0 5.0 0.0 1.0 0.0 6.0 5.0
p2 6.0 6.0 1.0 2.0 6.0 5.0 0.0 2.0 2.0 3.0 1.0 4.0 4.0 5.0 6.0 2.0 4.0 6.0 3.0 2.0 0.0 0.0 3.0 4.0 0.0 5.0 2.0 5.0 2.0 2.0 4.0 0.0 0.0 0.0 3.0 0.0 4.0 5.0 0.0 5.0 6.0 3.0 2.0 5.0 0.0 0.0 0.0 0.0
p3 2.0 6.0 2.0 5.0 2.0 4.0 5.0 4.0 1.0 6.0 6.0 6.0 2.0 1.0 1.0 6.0 3.0 4.0 0.0 1.0 0.0 5.0 0.0 1.0 6.0 4.0 5.0 5.0 0.0 2.0 2.0 0.0 1.0 1.0 4.0 0.0 5.0 1.0 4.0 5.0 1.0 2.0 5.0 4.0 1.0 2.0 5.0 0.0
p4 4.0 3.0 1.0 2.0 2.0 0.0 0.0 1.0 2.0 5.0 0.0 0.0 5.0 5.0 0.0 4.0 4.0 1.0 0.0 0.0 0.0 1.0 6.0 1.0 4.0 3.0 0.0 6.0 6.0 6.0 1.0 1.0 1.0 5.0 3.0 0.0 3.0 5.0 4.0 4.0 4.0 6.0 6.0 5.0 3.0 4.0 6.0 5.0
p5 4.0 3.0 0.0 1.0 3.0 3.0 0.0 1.0 3.0 4.0 1.0 4.0 2.0 4.0 4.0 6.0 4.0 5.0 5.0 6.0 3.0 5.0 6.0 0.0 2.0 6.0 6.0 3.0 0.0 2.0 1.0 5.0 1.0 2.0 0.0 1.0 3.0 3.0 1.0 3.0 0.0 3.0 1.0 3.0 3.0 1.0 1.0 2.0
p6 6.0 3.0 1.0 1.0 6.0 1.0 4.0 6.0 4.0 5.0 4.0 1.0 5.0 3.0 1.0 4.0 6.0 1.0 3.0 0.0 1.0 5.0 1.0 2.0 0.0 4.0 0.0 0.0 3.0 2.0 0.0 3.0 2.0 5.0 0.0 6.0 2.0 1.0 1.0 0.0 2.0 0.0 2.0 1.0 0.0 0.0 1.0 5.0
p7 6.0 4.0 0.0 6.0 2.0 0.0 1.0 6.0 6.0 4.0 1.0 3.0 0.0 6.0 4.0 1.0 5.0 0.0 4.0 5.0 0.0 6.0 0.0 6.0 3.0 1.0 0.0 0.0 5.0 3.0 0.0 0.0 0.0 1.0 0.0 6.0 0.0 5.0 5.0 3.0 2.0 4.0 0.0 2.0 0.0 3.0 4.0 3.0
p8 6.0 2.0 5.0 1.0 0.0 1.0 5.0 2.0 3.0 4.0 6.0 6.0 6.0 1.0 6.0 5.0 3.0 1.0 5.0 5.0 2.0 3.0 2.0 1.0 1.0 0.0 0.0 6.0 0.0 2.0 4.0 5.0 2.0 1.0 4.0 5.0 1.0 0.0 2.0 5.0 5.0 6.0 6.0 5.0 5.0 3.0 5.0 3.0
p9 4.0 4.0 6.0 0.0 3.0 6.0 6.0 3.0 2.0 6.0 0.0 1.0 1.0 3.0 5.0 5.0 1.0 1.0 0.0 0.0 1.0 4.0 5.0 6.0 3.0 6.0 2.0 4.0 3.0 2.0 2.0 1.0 5.0 1.0 5.0 4.0 0.0 2.0 4.0 0.0 1.0 3.0 2.0 5.0 1.0 4.0 1.0 3.0
p10 3.0 1.0 6.0 0.0 1.0 0.0 4.0 2.0 2.0 5.0 4.0 1.0 4.0 2.0 1.0 6.0 6.0 5.0 1.0 1.0 1.0 0.0 1.0 5.0 0.0 4.0 4.0 0.0 1.0 2.0 6.0 2.0 2.0 4.0 0.0 4.0 5.0 5.0 2.0 0.0 1.0 1.0 1.0 1.0 2.0 0.0 5.0 3.0
p11 0.0 5.0 1.0 2.0 2.0 2.0 5.0 4.0 1.0 6.0 0.0 5.0 2.0 0.0 3.0 2.0 1.0 2.0 5.0 6.0 2.0 3.0 6.0 2.0 5.0 3.0 6.0 0.0 2.0 0.0 0.0 4.0 2.0 2.0 5.0 6.0 0.0 6.0 0.0 3.0 6.0 2.0 1.0 5.0 0.0 1.0 5.0 3.0
p12 0.0 5.0 0.0 3.0 4.0 0.0 1.0 6.0 0.0 4.0 6.0 3.0 4.0 3.0 0.0 6.0 0.0 6.0 1.0 6.0 2.0 3.0 0.0 6.0 5.0 0.0 5.0 5.0 4.0 0.0 1.0 0.0 0.0 1.0 1.0 2.0 1.0 0.0 5.0 6.0 4.0 0.0 4.0 0.0 5.0 4.0 2.0 1.0
p13 2.0 1.0 3.0 4.0 2.0 6.0 3.0 3.0 3.0 1.0 2.0 0.0 1.0 4.0 2.0 6.0 0.0 5.0 3.0 0.0 5.0 4.0 6.0 6.0 2.0 1.0 6.0 1.0 2.0 3.0 6.0 5.0 0.0 1.0 3.0 0.0 6.0 3.0 4.0 0.0 6.0 1.0 6.0 2.0 1.0 4.0 1.0 0.0
p14 3.0 4.0 6.0 6.0 4.0 1.0 4.0 2.0 6.0 5.0 1.0 4.0 2.0 3.0 4.0 6.0 4.0 0.0 1.0 0.0 6.0 5.0 1.0 4.0 0.0 6.0 5.0 1.0 2.0 2.0 2.0 1.0 2.0 1.0 0.0 0.0 2.0 3.0 4.0 2.0 1.0 4.0 4.0 0.0 2.0 3.0 4.0 4.0
p15 2.0 1.0 2.0 0.0 0.0 6.0 0.0 3.0 0.0 1.0 2.0 4.0 4.0 2.0 0.0 1.0 5.0 0.0 1.0 5.0 2.0 6.0 0.0 4.0 0.0 1.0 6.0 4.0 5.0 0.0 0.0 1.0 6.0 2.0 2.0 2.0 2.0 1.0 0.0 3.0 2.0 3.0 6.0 4.0 4.0 4.0 3.0 0.0
p16 3.0 5.0 2.0 1.0 2.0 1.0 0.0 2.0 2.0 6.0 5.0 5.0 1.0 0.0 5.0 5.0 1.0 3.0 2.0 0.0 0.0 0.0 5.0 5.0 5.0 6.0 6.0 0.0 0.0 3.0 3.0 4.0 4.0 0.0 1.0 4.0 4.0 0.0 5.0 0.0 4.0 5.0 2.0 2.0 5.0 0.0 5.0 4.0
p17 0.0 4.0 0.0 4.0 4.0 5.0 1.0 1.0 0.0 6.0 6.0 6.0 1.0 5.0 1.0 4.0 3.0 1.0 2.0 5.0 0.0 6.0 5.0 1.0 4.0 2.0 6.0 3.0 0.0 6.0 1.0 2.0 0.0 0.0 5.0 6.0 1.0 4.0 1.0 1.0 5.0 0.0 2.0 5.0 4.0 3.0 5.0 3.0
p18 1.0 6.0 6.0 1.0 1.0 1.0 3.0 2.0 3.0 3.0 3.0 4.0 2.0 4.0 0.0 2.0 4.0 2.0 0.0 2.0 3.0 1.0 5.0 5.0 4.0 3.0 0.0 0.0 2.0 4.0 1.0 4.0 4.0 2.0 3.0 4.0 2.0 1.0 4.0 1.0 2.0 1.0 3.0 1.0 4.0 2.0 0.0 5.0
p19 5.0 5.0 1.0 3.0 4.0 4.0 0.0 2.0 2.0 6.0 6.0 1.0 1.0 1.0 2.0 3.0 1.0 0.0 0.0 5.0 4.0 6.0 4.0 5.0 2.0 3.0 6.0 2.0 2.0 4.0 1.0 6.0 0.0 4.0 1.0 6.0 4.0 3.0 4.0 5.0 0.0 3.0 1.0 4.0 3.0 0.0 2.0 0.0
p20 4.0 6.0 5.0 2.0 1.0 1.0 0.0 1.0 4.0 0.0 5.0 5.0 4.0 4.0 3.0 2.0 3.0 0.0 1.0 0.0 1.0 1.0 6.0 6.0 5.0 1.0 2.0 0.0 3.0 3.0 1.0 6.0 1.0 5.0 0.0 6.0 4.0 1.0 2.0 1.0 4.0 2.0 1.0 3.0 5.0 0.0 1.0 6.0
p21 2.0 5.0 1.0 2.0 5.0 4.0 0.0 4.0 0.0 2.0 2.0 4.0 0.0 1.0 0.0 6.0 5.0 0.0 1.0 0.0 2.0 0.0 1.0 0.0 1.0 1.0 5.0 0.0 3.0 1.0 0.0 4.0 2.0 6.0 3.0 2.0 1.0 0.0 3.0 6.0 5.0 2.0 5.0 5.0 4.0 4.0 2.0 6.0
p22 1.0 3.0 5.0 6.0 6.0 2.0 2.0 6.0 0.0 2.0 4.0 5.0 2.0 2.0 3.0 5.0 2.0 6.0 5.0 4.0 6.0 2.0 1.0 6.0 0.0 4.0 0.0 3.0 2.0 3.0 0.0 2.0 6.0 2.0 6.0 5.0 6.0 4.0 0.0 5.0 5.0 2.0 4.0 5.0 3.0 1.0 5.0 5.0
p23 5.0 5.0 5.0 2.0 1.0 3.0 1.0 3.0 6.0 3.0 1.0 5.0 4.0 4.0 1.0 5.0 1.0 2.0 6.0 0.0 0.0 4.0 4.0 2.0 2.0 2.0 0.0 1.0 5.0 0.0 5.0 1.0 1.0 1.0 3.0 3.0 4.0 1.0 3.0 2.0 2.0 1.0 5.0 2.0 2.0 6.0 0.0 2.0
p24 0.0 4.0 2.0 0.0 4.0 1.0 1.0 0.0 4.0 4.0 1.0 4.0 4.0 3.0 4.0 5.0 2.0 4.0 3.0 2.0 6.0 0.0 3.0 1.0 5.0 1.0 2.0 2.0 3.0 0.0 5.0 0.0 4.0 3.0 6.0 5.0 0.0 5.0 4.0 0.0 0.0 1.0 6.0 0.0 0.0 1.0 0.0 6.0
p25 3.0 6.0 2.0 1.0 1.0 5.0 3.0 2.0 6.0 4.0 3.0 3.0 2.0 5.0 4.0 0.0 0.0 3.0 0.0 0.0 1.0 1.0 0.0 3.0 3.0 2.0 6.0 6.0 6.0 6.0 2.0 2.0 1.0 0.0 4.0 0.0 5.0 1.0 6.0 5.0 2.0 5.0 0.0 1.0 0.0 1.0 1.0 1.0
p26 2.0 0.0 2.0 5.0 0.0 2.0 5.0 0.0 6.0 1.0 5.0 3.0 4.0 3.0 3.0 3.0 0.0 2.0 2.0 5.0 5.0 5.0 0.0 6.0 3.0 6.0 5.0 1.0 2.0 2.0 3.0 5.0 4.0 0.0 2.0 6.0 3.0 5.0 0.0 5.0 0.0 0.0 1.0 0.0 3.0 1.0 4.0 5.0
p27 2.0 0.0 5.0 3.0 4.0 1.0 6.0 1.0 3.0 2.0 3.0 0.0 3.0 0.0 1.0 0.0 3.0 4.0 2.0 0.0 3.0 3.0 2.0 2.0 2.0 0.0 1.0 3.0 0.0 5.0 3.0 5.0 5.0 0.0 6.0 1.0 1.0 3.0 6.0 1.0 0.0 6.0 4.0 2.0 6.0 3.0 6.0 6.0
p28 2.0 1.0 1.0 5.0 1.0 0.0 3.0 3.0 2.0 5.0 0.0 6.0 1.0 2.0 2.0 2.0 6.0 3.0 0.0 3.0 1.0 3.0 5.0 1.0 1.0 2.0 1.0 2.0 2.0 3.0 0.0 1.0 0.0 1.0 2.0 6.0 5.0 4.0 5.0 0.0 1.0 3.0 0.0 5.0 1.0 3.0 5.0 5.0
p29 0.0 0.0 5.0 5.0 3.0 0.0 1.0 2.0 6.0 4.0 3.0 6.0 4.0 6.0 0.0 3.0 2.0 2.0 2.0 1.0 1.0 5.0 6.0 6.0 0.0 1.0 1.0 2.0 4.0 6.0 5.0 0.0 1.0 2.0 0.0 3.0 4.0 0.0 2.0 3.0 6.0 3.0 4.0 2.0 2.0 5.0 5.0 6.0
p30 6.0 4.0 2.0 2.0 1.0 6.0 2.0 4.0 0.0 1.0 5.0 0.0 0.0 0.0 5.0 4.0 5.0 2.0 2.0 3.0 0.0 4.0 5.0 1.0 4.0 5.0 6.0 2.0 4.0 1.0 0.0 2.0 2.0 3.0 3.0 6.0 6.0 6.0 4.0 0.0 1.0 1.0 5.0 0.0 4.0 4.0 4.0 0.0
p31 4.0 5.0 2.0 4.0 5.0 0.0 2.0 5.0 2.0 1.0 5.0 5.0 0.0 0.0 2.0 6.0 5.0 4.0 5.0 2.0 4.0 1.0 4.0 6.0 2.0 0.0 4.0 2.0 0.0 1.0 6.0 0.0 0.0 3.0 0.0 6.0 5.0 2.0 1.0 2.0 6.0 2.0 1.0 1.0 2.0 2.0 6.0 2.0
p32 2.0 3.0 2.0 3.0 1.0 6.0 2.0 5.0 3.0 3.0 0.0 2.0 5.0 3.0 0.0 0.0 1.0 4.0 0.0 5.0 2.0 5.0 5.0 2.0 2.0 6.0 2.0 3.0 6.0 1.0 3.0 2.0 5.0 5.0 1.0 0.0 0.0 6.0 1.0 3.0 3.0 3.0 6.0 1.0 5.0 6.0 5.0 6.0
p33 5.0 3.0 6.0 4.0 0.0 5.0 4.0 6.0 5.0 4.0 0.0 0.0 0.0 0.0 1.0 3.0 6.0 5.0 3.0 6.0 3.0 5.0 1.0 1.0 2.0 3.0 1.0 5.0 2.0 0.0 1.0 1.0 2.0 1.0 3.0 4.0 1.0 1.0 5.0 6.0 4.0 5.0 2.0 5.0 1.0 1.0 0.0 0.0
p34 3.0 2.0 6.0 1.0 3.0 0.0 5.0 3.0 5.0 2.0 5.0 0.0 0.0 6.0 5.0 5.0 0.0 1.0 4.0 0.0 1.0 3.0 2.0 4.0 3.0 2.0 0.0 2.0 3.0 3.0 0.0 2.0 3.0 5.0 1.0 2.0 3.0 3.0 3.0 2.0 2.0 3.0 1.0 5.0 1.0 3.0 5.0 4.0
p35 6.0 6.0 3.0 4.0 5.0 1.0 3.0 2.0 5.0 5.0 6.0 0.0 1.0 1.0 3.0 0.0 2.0 0.0 5.0 1.0 0.0 2.0 4.0 4.0 4.0 5.0 3.0 3.0 0.0 0.0 2.0 3.0 1.0 4.0 2.0 2.0 1.0 2.0 6.0 2.0 3.0 5.0 4.0 1.0 1.0 6.0 0.0 2.0
p36 3.0 2.0 2.0 6.0 0.0 1.0 1.0 0.0 1.0 4.0 3.0 6.0 1.0 2.0 0.0 3.0 2.0 6.0 1.0 0.0 0.0 6.0 3.0 1.0 4.0 4.0 5.0 0.0 6.0 0.0 5.0 2.0 1.0 1.0 5.0 6.0 1.0 1.0 6.0 2.0 2.0 0.0 1.0 2.0 6.0 0.0 3.0 6.0
p37 3.0 5.0 3.0 3.0 2.0 6.0 5.0 3.0 3.0 3.0 0.0 2.0 5.0 2.0 3.0 5.0 1.0 0.0 4.0 1.0 0.0 0.0 0.0 3.0 1.0 4.0 3.0 2.0 0.0 6.0 3.0 1.0 4.0 4.0 1.0 2.0 5.0 2.0 1.0 0.0 0.0 0.0 1.0 5.0 2.0 2.0 3.0 5.0
p38 3.0 5.0 6.0 0.0 4.0 3.0 1.0 3.0 2.0 2.0 0.0 2.0 4.0 4.0 2.0 0.0 1.0 6.0 5.0 4.0 1.0 4.0 6.0 2.0 1.0 6.0 4.0 3.0 3.0 4.0 4.0 5.0 2.0 5.0 2.0 6.0 0.0 4.0 5.0 1.0 6.0 2.0 2.0 3.0 5.0 5.0 0.0 1.0
p39 4.0 5.0 1.0 4.0 6.0 2.0 1.0 0.0 3.0 2.0 4.0 3.0 3.0 0.0 5.0 6.0 4.0 1.0 3.0 3.0 2.0 2.0 3.0 0.0 4.0 4.0 5.0 1.0 3.0 1.0 3.0 1.0 2.0 5.0 2.0 5.0 3.0 1.0 4.0 0.0 6.0 1.0 1.0 5.0 5.0 0.0 2.0 4.0
p40 0.0 2.0 6.0 0.0 4.0 4.0 0.0 6.0 2.0 1.0 4.0 6.0 2.0 0.0 4.0 0.0 5.0 6.0 0.0 3.0 2.0 1.0 6.0 3.0 1.0 3.0 0.0 0.0 6.0 6.0 6.0 0.0 0.0 1.0 5.0 5.0 1.0 2.0 4.0 0.0 1.0 0.0 1.0 3.0 5.0 5.0 5.0 3.0
p41 2.0 1.0 6.0 0.0 4.0 1.0 5.0 5.0 1.0 1.0 2.0 6.0 1.0 0.0 2.0 5.0 5.0 0.0 1.0 5.0 4.0 3.0 3.0 0.0 2.0 5.0 0.0 5.0 3.0 1.0 4.0 1.0 6.0 1.0 2.0 2.0 3.0 0.0 1.0 2.0 3.0 1.0 6.0 2.0 1.0 4.0 5.0 2.0
p42 4.0 3.0 1.0 4.0 2.0 1.0 2.0 1.0 4.0 6.0 1.0 2.0 3.0 0.0 3.0 5.0 2.0 5.0 1.0 2.0 2.0 4.0 6.0 1.0 2.0 0.0 6.0 2.0 5.0 4.0 0.0 4.0 1.0 5.0 2.0 6.0 1.0 2.0 2.0 5.0 0.0 3.0 5.0 4.0 5.0 0.0 1.0 3.0
p43 4.0 1.0 2.0 3.0 5.0 2.0 3.0 4.0 0.0 3.0 4.0 0.0 2.0 2.0 5.0 1.0 1.0 5.0 4.0 1.0 1.0 0.0 1.0 4.0 6.0 4.0 5.0 6.0 6.0 5.0 6.0 5.0 6.0 3.0 2.0 4.0 5.0 1.0 5.0 3.0 1.0 1.0 3.0 3.0 2.0 0.0 0.0 3.0
p44 6.0 3.0 6.0 6.0 1.0 0.0 5.0 3.0 6.0 0.0 2.0 4.0 3.0 0.0 0.0 2.0 3.0 2.0 5.0 4.0 5.0 0.0 0.0 5.0 2.0 3.0 2.0 4.0 1.0 2.0 5.0 1.0 0.0 3.0 4.0 1.0 0.0 2.0 2.0 1.0 6.0 0.0 2.0 6.0 6.0 5.0 1.0 2.0
p45 1.0 3.0 6.0 6.0 6.0 2.0 5.0 5.0 4.0 0.0 0.0 1.0 3.0 3.0 6.0 5.0 0.0 4.0 2.0 0.0 0.0 4.0 4.0 2.0 2.0 6.0 2.0 3.0 1.0 3.0 0.0 3.0 6.0 0.0 1.0 0.0 1.0 6.0 4.0 4.0 5.0 4.0 0.0 5.0 3.0 3.0 2.0 3.0
p46 2.0 4.0 1.0 2.0 1.0 4.0 1.0 5.0 0.0 1.0 1.0 5.0 3.0 1.0 5.0 4.0 0.0 6.0 1.0 6.0 4.0 1.0 1.0 4.0 6.0 1.0 6.0 2.0 1.0 1.0 5.0 0.0 3.0 0.0 1.0 0.0 3.0 0.0 4.0 4.0 2.0 4.0 5.0 5.0 5.0 0.0 5.0 6.0
p47 0.0 0.0 1.0 4.0 5.0 0.0 5.0 4.0 1.0 3.0 6.0 1.0 5.0 2.0 4.0 0.0 3.0 0.0 6.0 1.0 5.0 5.0 0.0 5.0 2.0 2.0 6.0 0.0 5.0 6.0 2.0 0.0 1.0 0.0 2.0 3.0 0.0 0.0 1.0 0.0 6.0 2.0 3.0 5.0 0.0 0.0 1.0 2.0
p48 4.0 6.0 6.0 3.0 5.0 5.0 4.0 3.0 2.0 3.0 1.0 2.0 0.0 0.0 5.0 4.0 4.0 4.0 4.0 4.0 3.0 6.0 6.0 0.0 2.0 0.0 6.0 1.0 0.0 2.0 0.0 2.0 6.0 6.0 1.0 6.0 4.0 5.0 0.0 5.0 0.0 1.0 1.0 5.0 0.0 0.0 6.0 6.0
p49 1.0 6.0 2.0 4.0 0.0 0.0 1.0 3.0 5.0 2.0 2.0 2.0 2.0 2.0 5.0 0.0 1.0 6.0 5.0 1.0 1.0 1.0 4.0 1.0 1.0 1.0 3.0 2.0 4.0 3.0 4.0 0.0 0.0 0.0 4.0 5.0 0.0 2.0 3.0 0.0 3.0 5.0 4.0 0.0 5.0 3.0 6.0 2.0
p50 6.0 6.0 6.0 1.0 2.0 2.0 3.0 4.0 3.0 3.0 2.0 1.0 2.0 6.0 2.0 5.0 3.0 0.0 5.0 5.0 3.0 3.0 5.0 2.0 6.0 4.0 0.0 0.0 0.0 0.0 3.0 4.0 3.0 3.0 5.0 5.0 2.0 0.0 3.0 0.0 5.0 6.0 1.0 5.0 4.0 5.0 5.0 5.0
p51 6.0 2.0 0.0 4.0 6.0 1.0 1.0 1.0 5.0 3.0 3.0 0.0 0.0 6.0 4.0 5.0 1.0 2.0 1.0 3.0 1.0 0.0 2.0 4.0 3.0 4.0 4.0 1.0 3.0 5.0 6.0 3.0 3.0 2.0 6.0 6.0 2.0 0.0 3.0 1.0 1.0 2.0 3.0 4.0 1.0 0.0 2.0 6.0
p52 1.0 4.0 6.0 5.0 6.0 0.0 5.0 6.0 0.0 6.0 4.0 4.0 2.0 4.0 6.0 6.0 6.0 2.0 6.0 4.0 1.0 2.0 0.0 6.0 6.0 0.0 6.0 0.0 6.0 5.0 6.0 4.0 4.0 4.0 4.0 3.0 1.0 5.0 2.0 5.0 5.0 6.0 0.0 2.0 0.0 4.0 3.0 1.0
p53 4.0 1.0 0.0 4.0 5.0 3.0 1.0 6.0 0.0 5.0 4.0 2.0 1.0 2.0 3.0 0.0 4.0 0.0 3.0 3.0 3.0 3.0 4.0 3.0 3.0 5.0 4.0 4.0 3.0 3.0 0.0 4.0 4.0 1.0 2.0 0.0 6.0 3.0 1.0 5.0 1.0 5.0 6.0 4.0 5.0 3.0 2.0 3.0
p54 1.0 3.0 5.0 2.0 6.0 1.0 1.0 5.0 4.0 4.0 0.0 0.0 3.0 4.0 1.0 6.0 5.0 3.0 1.0 0.0 3.0 6.0 0.0 4.0 6.0 1.0 3.0 4.0 2.0 4.0 0.0 1.0 2.0 3.0 6.0 6.0 4.0 2.0 3.0 2.0 4.0 1.0 0.0 5.0 3.0 4.0 3.0 3.0
p55 2.0 2.0 4.0 3.0 0.0 3.0 1.0 2.0 3.0 1.0 4.0 3.0 2.0 1.0 1.0 0.0 2.0 5.0 6.0 3.0 1.0 3.0 3.0 4.0 1.0 6.0 5.0 1.0 2.0 3.0 2.0 3.0 0.0 6.0 3.0 5.0 5.0 3.0 6.0 0.0 6.0 4.0 1.0 6.0 3.0 5.0 2.0 4.0
p56 6.0 4.0 2.0 0.0 0.0 4.0 1.0 4.0 3.0 1.0 5.0 0.0 1.0 6.0 4.0 2.0 4.0 3.0 2.0 2.0 0.0 6.0 0.0 1.0 1.0 4.0 0.0 4.0 4.0 1.0 3.0 6.0 0.0 2.0 3.0 5.0 0.0 2.0 0.0 6.0 5.0 6.0 6.0 5.0 5.0 5.0 5.0 1.0
p57 4.0 0.0 5.0 5.0 3.0 4.0 4.0 1.0 2.0 4.0 2.0 1.0 0.0 5.0 1.0 1.0 4.0 5.0 0.0 4.0 0.0 0.0 0.0 0.0 0.0 1.0 3.0 4.0 4.0 6.0 4.0 1.0 0.0 0.0 6.0 6.0 1.0 4.0 3.0 0.0 2.0 3.0 5.0 6.0 1.0 3.0 0.0 3.0
p58 5.0 1.0 2.0 1.0 2.0 0.0 6.0 2.0 4.0 2.0 4.0 0.0 3.0 2.0 1.0 1.0 5.0 1.0 1.0 5.0 4.0 2.0 4.0 1.0 6.0 4.0 2.0 0.0 2.0 2.0 2.0 2.0 0.0 1.0 6.0 3.0 3.0 4.0 2.0 3.0 3.0 3.0 6.0 1.0 2.0 4.0 0.0 5.0
p59 4.0 3.0 5.0 6.0 4.0 1.0 4.0 1.0 6.0 4.0 2.0 6.0 3.0 0.0 5.0 6.0 4.0 2.0 4.0 2.0 3.0 1.0 0.0 6.0 5.0 2.0 5.0 3.0 1.0 1.0 0.0 3.0 5.0 3.0 1.0 4.0 4.0 5.0 1.0 2.0 2.0 6.0 0.0 3.0 3.0 6.0 1.0 3.0
p60 4.0 3.0 3.0 0.0 5.0 0.0 1.0 6.0 4.0 4.0 3.0 3.0 3.0 2.0 0.0 0.0 1.0 6.0 0.0 0.0 2.0 0.0 2.0 1.0 4.0 0.0 1.0 2.0 3.0 0.0 5.0 0.0 6.0 3.0 4.0 3.0 3.0 2.0 6.0 5.0 3.0 3.0 2.0 5.0 5.0 1.0 5.0 4.0
p61 4.0 5.0 5.0 6.0 2.0 1.0 3.0 0.0 1.0 1.0 2.0 2.0 0.0 0.0 6.0 4.0 1.0 6.0 5.0 2.0 5.0 0.0 0.0 6.0 1.0 3.0 2.0 4.0 3.0 6.0 5.0 0.0 6.0 1.0 1.0 1.0 2.0 3.0 0.0 0.0 3.0 5.0 0.0 2.0 0.0 6.0 0.0 0.0
p62 5.0 2.0 4.0 1.0 1.0 1.0 1.0 1.0 1.0 6.0 4.0 0.0 2.0 1.0 0.0 3.0 2.0 1.0 3.0 0.0 5.0 0.0 3.0 5.0 4.0 1.0 5.0 1.0 6.0 3.0 1.0 4.0 5.0 2.0 3.0 5.0 4.0 2.0 0.0 0.0 1.0 2.0 0.0 3.0 0.0 1.0 1.0 3.0
p63 3.0 0.0 3.0 4.0 0.0 4.0 3.0 1.0 2.0 0.0 2.0 6.0 5.0 6.0 1.0 6.0 6.0 5.0 1.0 3.0 3.0 6.0 4.0 3.0 6.0 6.0 6.0 1.0 6.0 2.0 3.0 4.0 5.0 4.0 0.0 5.0 1.0 0.0 0.0 2.0 4.0 4.0 0.0 6.0 5.0 1.0 2.0 0.0
p64 1.0 1.0 0.0 6.0 4.0 0.0 4.0 0.0 0.0 1.0 0.0 0.0 6.0 3.0 0.0 0.0 1.0 4.0 0.0 6.0 4.0 2.0 0.0 3.0 2.0 2.0 5.0 0.0 2.0 4.0 4.0 0.0 3.0 3.0 0.0 3.0 0.0 0.0 2.0 0.0 3.0 1.0 4.0 3.0 3.0 5.0 0.0 0.0
p65 6.0 4.0 3.0 6.0 3.0 4.0 6.0 3.0 2.0 3.0 1.0 1.0 6.0 2.0 0.0 4.0 5.0 3.0 3.0 0.0 6.0 2.0 3.0 5.0 4.0 5.0 3.0 1.0 0.0 5.0 6.0 0.0 1.0 0.0 0.0 6.0 4.0 4.0 6.0 0.0 1.0 3.0 1.0 5.0 0.0 0.0 4.0 3.0
p66 6.0 2.0 0.0 3.0 6.0 5.0 5.0 3.0 2.0 0.0 0.0 1.0 5.0 2.0 3.0 4.0 1.0 2.0 3.0 2.0 3.0 2.0 3.0 1.0 5.0 0.0 2.0 2.0 5.0 3.0 0.0 0.0 6.0 0.0 2.0 4.0 0.0 3.0 1.0 1.0 5.0 2.0 4.0 4.0 4.0 6.0 4.0 2.0
p67 5.0 3.0 1.0 0.0 0.0 3.0 0.0 2.0 2.0 4.0 4.0 5.0 1.0 2.0 0.0 0.0 4.0 2.0 3.0 3.0 5.0 0.0 0.0 5.0 3.0 6.0 4.0 1.0 5.0 4.0 5.0 6.0 4.0 2.0 0.0 6.0 1.0 2.0 0.0 2.0 5.0 0.0 4.0 3.0 3.0 0.0 4.0 3.0
p68 6.0 0.0 2.0 1.0 3.0 4.0 3.0 6.0 2.0 6.0 1.0 2.0 4.0 3.0 4.0 5.0 4.0 6.0 0.0 4.0 5.0 6.0 5.0 6.0 1.0 3.0 6.0 5.0 5.0 2.0 6.0 2.0 3.0 1.0 0.0 0.0 2.0 0.0 0.0 0.0 0.0 5.0 6.0 0.0 2.0 2.0 4.0 2.0
p69 6.0 0.0 0.0 1.0 2.0 1.0 5.0 1.0 5.0 0.0 4.0 6.0 4.0 0.0 1.0 0.0 0.0 3.0 3.0 6.0 6.0 5.0 2.0 0.0 0.0 3.0 4.0 0.0 0.0 4.0 5.0 0.0 0.0 3.0 5.0 3.0 1.0 4.0 0.0 1.0 1.0 0.0 6.0 2.0 3.0 4.0 0.0 4.0
p70 3.0 4.0 4.0 0.0 2.0 1.0 1.0 2.0 5.0 4.0 3.0 5.0 5.0 1.0 6.0 3.0 0.0 6.0 4.0 4.0 5.0 0.0 2.0 6.0 5.0 6.0 6.0 6.0 5.0 5.0 1.0 2.0 0.0 0.0 1.0 0.0 1.0 4.0 6.0 1.0 1.0 6.0 2.0 1.0 2.0 5.0 0.0 0.0
p71 3.0 1.0 4.0 1.0 1.0 3.0 1.0 2.0 4.0 4.0 5.0 4.0 1.0 1.0 5.0 5.0 5.0 4.0 1.0 4.0 3.0 5.0 0.0 3.0 2.0 0.0 0.0 5.0 5.0 3.0 3.0 3.0 5.0 6.0 1.0 4.0 2.0 2.0 3.0 5.0 3.0 4.0 4.0 1.0 3.0 6.0 1.0 2.0
p72 2.0 0.0 0.0 2.0 6.0 6.0 4.0 0.0 2.0 6.0 2.0 1.0 1.0 2.0 3.0 5.0 0.0 2.0 5.0 2.0 6.0 1.0 3.0 1.0 5.0 1.0 1.0 2.0 4.0 2.0 4.0 5.0 3.0 6.0 0.0 2.0 5.0 6.0 0.0 0.0 4.0 3.0 4.0 3.0 5.0 1.0 2.0 3.0
p73 2.0 1.0 0.0 3.0 2.0 5.0 2.0 4.0 5.0 2.0 3.0 6.0 0.0 2.0 2.0 0.0 6.0 2.0 3.0 0.0 6.0 2.0 1.0 4.0 4.0 1.0 6.0 5.0 4.0 2.0 4.0 4.0 2.0 1.0 3.0 1.0 0.0 6.0 1.0 3.0 0.0 0.0 1.0 6.0 2.0 5.0 1.0 4.0
p74 5.0 4.0 2.0 6.0 1.0 4.0 3.0 2.0 2.0 2.0 4.0 6.0 2.0 4.0 5.0 0.0 2.0 0.0 1.0 6.0 4.0 4.0 3.0 2.0 4.0 3.0 5.0 5.0 5.0 3.0 2.0 3.0 3.0 1.0 3.0 0.0 1.0 1.0 0.0 3.0 6.0 3.0 2.0 6.0 0.0 3.0 2.0 2.0
p75 0.0 0.0 6.0 4.0 5.0 3.0 1.0 2.0 0.0 1.0 4.0 1.0 1.0 3.0 1.0 3.0 5.0 5.0 3.0 2.0 1.0 4.0 5.0 6.0 6.0 1.0 3.0 2.0 6.0 0.0 0.0 0.0 4.0 4.0 6.0 1.0 2.0 5.0 6.0 6.0 6.0 4.0 4.0 0.0 6.0 0.0 5.0 1.0
p76 1.0 6.0 4.0 6.0 0.0 2.0 2.0 5.0 2.0 1.0 3.0 2.0 3.0 1.0 1.0 1.0 3.0 4.0 2.0 3.0 0.0 2.0 1.0 0.0 2.0 0.0 3.0 1.0 3.0 2.0 1.0 6.0 3.0 4.0 0.0 0.0 0.0 5.0 2.0 5.0 6.0 0.0 0.0 2.0 0.0 2.0 1.0 5.0
p77 4.0 1.0 4.0 3.0 3.0 2.0 4.0 5.0 3.0 1.0 2.0 6.0 3.0 4.0 1.0 2.0 5.0 1.0 1.0 4.0 2.0 0.0 2.0 4.0 2.0 0.0 0.0 5.0 0.0 4.0 0.0 1.0 3.0 2.0 5.0 0.0 3.0 5.0 3.0 6.0 0.0 4.0 4.0 0.0 2.0 4.0 0.0 5.0
p78 4.0 6.0 2.0 2.0 1.0 6.0 5.0 3.0 0.0 3.0 6.0 2.0 5.0 3.0 1.0 5.0 6.0 2.0 0.0 1.0 2.0 5.0 2.0 0.0 1.0 1.0 5.0 5.0 5.0 3.0 5.0 2.0 1.0 2.0 1.0 5.0 3.0 4.0 0.0 2.0 4.0 5.0 5.0 4.0 2.0 0.0 4.0 1.0
p79 0.0 5.0 0.0 3.0 1.0 1.0 2.0 1.0 2.0 0.0 0.0 1.0 3.0 1.0 2.0 4.0 5.0 3.0 1.0 6.0 0.0 2.0 1.0 1.0 2.0 0.0 0.0 6.0 4.0 0.0 1.0 3.0 2.0 2.0 3.0 5.0 5.0 5.0 3.0 2.0 5.0 5.0 1.0 6.0 0.0 0.0 5.0 2.0
p80 3.0 6.0 1.0 3.0 3.0 4.0 1.0 1.0 6.0 0.0 4.0 3.0 3.0 2.0 6.0 3.0 2.0 4.0 5.0 1.0 0.0 3.0 5.0 4.0 6.0 4.0 5.0 2.0 6.0 1.0 1.0 1.0 4.0 1.0 0.0 4.0 5.0 3.0 0.0 6.0 2.0 2.0 1.0 1.0 6.0 0.0 0.0 5.0
p81 0.0 2.0 4.0 2.0 1.0 5.0 1.0 3.0 0.0 1.0 4.0 1.0 1.0 5.0 6.0 6.0 6.0 6.0 4.0 0.0 2.0 2.0 6.0 3.0 4.0 1.0 6.0 0.0 3.0 5.0 1.0 4.0 1.0 5.0 0.0 1.0 5.0 2.0 6.0 3.0 5.0 4.0 3.0 0.0 0.0 0.0 4.0 6.0
p82 6.0 6.0 4.0 2.0 6.0 4.0 0.0 3.0 4.0 1.0 4.0 1.0 1.0 4.0 3.0 4.0 3.0 2.0 0.0 2.0 0.0 2.0 6.0 2.0 3.0 3.0 1.0 6.0 3.0 1.0 0.0 3.0 3.0 1.0 4.0 6.0 4.0 4.0 1.0 0.0 3.0 4.0 3.0 3.0 0.0 3.0 2.0 5.0
p83 3.0 6.0 1.0 6.0 1.0 6.0 3.0 5.0 5.0 5.0 0.0 1.0 1.0 3.0 1.0 0.0 3.0 5.0 2.0 6.0 1.0 2.0 6.0 3.0 2.0 1.0 5.0 5.0 5.0 4.0 6.0 1.0 2.0 0.0 5.0 6.0 4.0 4.0 5.0 4.0 1.0 3.0 3.0 3.0 2.0 2.0 5.0 3.0
p84 4.0 0.0 4.0 4.0 3.0 2.0 2.0 4.0 0.0 0.0 4.0 6.0 5.0 0.0 0.0 2.0 2.0 4.0 4.0 5.0 3.0 2.0 5.0 1.0 3.0 0.0 2.0 3.0 3.0 6.0 2.0 3.0 0.0 1.0 2.0 6.0 4.0 4.0 2.0 2.0 5.0 3.0 4.0 6.0 4.0 0.0 1.0 5.0
p85 2.0 5.0 0.0 2.0 0.0 5.0 4.0 0.0 0.0 5.0 1.0 3.0 0.0 4.0 4.0 0.0 0.0 3.0 1.0 2.0 0.0 0.0 3.0 5.0 0.0 0.0 1.0 1.0 3.0 6.0 3.0 1.0 4.0 0.0 3.0 4.0 2.0 3.0 3.0 0.0 3.0 2.0 2.0 3.0 6.0 1.0 6.0 1.0
p86 2.0 1.0 2.0 5.0 2.0 0.0 5.0 1.0 1.0 6.0 6.0 1.0 1.0 6.0 0.0 0.0 0.0 2.0 5.0 3.0 6.0 0.0 1.0 1.0 2.0 3.0 2.0 3.0 3.0 5.0 2.0 4.0 4.0 0.0 0.0 1.0 6.0 6.0 3.0 2.0 0.0 5.0 5.0 6.0 3.0 2.0 4.0 6.0
p87 4.0 4.0 2.0 2.0 5.0 1.0 0.0 1.0 3.0 2.0 3.0 1.0 6.0 5.0 0.0 5.0 5.0 3.0 0.0 3.0 1.0 0.0 1.0 1.0 0.0 1.0 6.0 1.0 5.0 0.0 3.0 2.0 0.0 3.0 4.0 6.0 5.0 1.0 5.0 0.0 0.0 1.0 2.0 1.0 5.0 5.0 3.0 3.0
p88 6.0 5.0 0.0 5.0 4.0 5.0 4.0 1.0 3.0 0.0 1.0 3.0 0.0 2.0 2.0 1.0 2.0 6.0 6.0 4.0 1.0 0.0 6.0 0.0 6.0 4.0 4.0 0.0 0.0 2.0 0.0 4.0 3.0 2.0 0.0 0.0 0.0 1.0 2.0 5.0 2.0 3.0 0.0 2.0 1.0 6.0 3.0 0.0
p89 3.0 2.0 0.0 0.0 0.0 6.0 0.0 1.0 4.0 6.0 0.0 5.0 0.0 5.0 0.0 0.0 6.0 3.0 4.0 3.0 4.0 4.0 2.0 0.0 5.0 1.0 0.0 2.0 5.0 3.0 5.0 4.0 4.0 1.0 0.0 3.0 6.0 6.0 0.0 0.0 3.0 1.0 3.0 6.0 6.0 0.0 6.0 6.0
p90 6.0 1.0 1.0 1.0 5.0 0.0 5.0 3.0 2.0 3.0 1.0 5.0 5.0 0.0 4.0 6.0 6.0 4.0 2.0 3.0 2.0 4.0 4.0 2.0 1.0 3.0 5.0 0.0 3.0 3.0 3.0 2.0 6.0 0.0 0.0 6.0 1.0 6.0 3.0 3.0 6.0 6.0 1.0 4.0 2.0 0.0 3.0 0.0
p91 4.0 0.0 4.0 2.0 0.0 0.0 5.0 0.0 1.0 1.0 5.0 1.0 4.0 2.0 5.0 2.0 4.0 5.0 0.0 4.0 0.0 2.0 6.0 1.0 0.0 0.0 3.0 1.0 2.0 4.0 6.0 4.0 3.0 1.0 2.0 0.0 5.0 5.0 0.0 6.0 3.0 0.0 3.0 2.0 0.0 2.0 4.0 0.0
p92 5.0 5.0 0.0 1.0 3.0 2.0 3.0 5.0 6.0 4.0 3.0 5.0 1.0 5.0 0.0 0.0 0.0 2.0 3.0 6.0 0.0 0.0 2.0 3.0 2.0 0.0 0.0 2.0 2.0 1.0 2.0 5.0 4.0 1.0 0.0 6.0 2.0 3.0 6.0 0.0 6.0 2.0 0.0 5.0 4.0 2.0 1.0 4.0
p93 1.0 5.0 2.0 1.0 0.0 4.0 4.0 3.0 2.0 3.0 4.0 3.0 4.0 0.0 2.0 5.0 2.0 2.0 1.0 5.0 0.0 0.0 2.0 5.0 3.0 2.0 1.0 1.0 3.0 3.0 3.0 2.0 5.0 1.0 0.0 5.0 5.0 3.0 0.0 2.0 6.0 5.0 0.0 4.0 6.0 3.0 4.0 4.0
p94 6.0 1.0 6.0 0.0 0.0 4.0 0.0 6.0 4.0 6.0 5.0 6.0 4.0 5.0 6.0 0.0 1.0 5.0 5.0 4.0 2.0 3.0 3.0 0.0 3.0 5.0 0.0 3.0 2.0 6.0 1.0 4.0 0.0 3.0 0.0 1.0 3.0 3.0 1.0 0.0 0.0 5.0 5.0 2.0 6.0 2.0 2.0 3.0
p95 1.0 0.0 1.0 2.0 3.0 6.0 6.0 5.0 0.0 2.0 1.0 4.0 0.0 6.0 4.0 5.0 3.0 0.0 2.0 6.0 6.0 2.0 3.0 1.0 6.0 1.0 1.0 0.0 2.0 6.0 1.0 0.0 2.0 0.0 6.0 2.0 6.0 3.0 5.0 6.0 5.0 5.0 6.0 5.0 3.0 4.0 0.0 5.0
p96 1.0 6.0 6.0 5.0 1.0 0.0 0.0 0.0 5.0 5.0 1.0 1.0 3.0 0.0 6.0 1.0 2.0 4.0 3.0 1.0 5.0 0.0 0.0 2.0 5.0 0.0 2.0 4.0 2.0 3.0 0.0 0.0 4.0 0.0 3.0 4.0 5.0 0.0 6.0 3.0 2.0 1.0 3.0 3.0 5.0 6.0 0.0 0.0
p97 0.0 0.0 0.0 1.0 2.0 1.0 1.0 4.0 2.0 2.0 1.0 5.0 0.0 0.0 5.0 5.0 5.0 3.0 6.0 3.0 2.0 3.0 3.0 1.0 2.0 2.0 4.0 3.0 5.0 4.0 6.0 6.0 0.0 0.0 2.0 0.0 6.0 5.0 1.0 2.0 6.0 4.0 6.0 2.0 0.0 6.0 4.0 6.0
p98 6.0 1.0 0.0 3.0 6.0 2.0 4.0 1.0 6.0 6.0 1.0 5.0 1.0 1.0 2.0 1.0 1.0 1.0 2.0 0.0 6.0 2.0 2.0 3.0 6.0 6.0 2.0 3.0 6.0 2.0 6.0 1.0 5.0 2.0 0.0 3.0 4.0 4.0 0.0 2.0 4.0 3.0 6.0 2.0 6.0 4.0 5.0 1.0
p99 3.0 0.0 0.0 3.0 3.0 5.0 5.0 2.0 2.0 0.0 2.0 1.0 1.0 6.0 1.0 5.0 3.0 0.0 0.0 0.0 4.0 1.0 6.0 6.0 1.0 6.0 6.0 0.0 4.0 4.0 4.0 5.0 1.0 2.0 5.0 3.0 2.0 6.0 0.0 1.0 5.0 2.0 4.0 4.0 3.0 1.0 5.0 1.0
p100 5.0 2.0 2.0 6.0 5.0 2.0 6.0 1.0 0.0 5.0 3.0 2.0 2.0 1.0 5.0 3.0 3.0 1.0 6.0 0.0 6.0 2.0 3.0 0.0 5.0 0.0 5.0 3.0 0.0 6.0 4.0 2.0 3.0 5.0 5.0 4.0 2.0 5.0 5.0 3.0 5.0 5.0 0.0 6.0 3.0 2.0 1.0 0.0
p101 2.0 6.0 1.0 3.0 0.0 0.0 0.0 5.0 3.0 4.0 1.0 4.0 1.0 2.0 2.0 0.0 6.0 5.0 0.0 0.0 5.0 2.0 3.0 5.0 2.0 4.0 1.0 5.0 6.0 0.0 3.0 6.0 1.0 1.0 2.0 0.0 4.0 2.0 0.0 2.0 6.0 6.0 1.0 5.0 0.0 3.0 4.0 3.0
p102 2.0 5.0 5.0 1.0 0.0 6.0 0.0 4.0 3.0 0.0 6.0 2.0 3.0 6.0 3.0 4.0 3.0 3.0 5.0 4.0 2.0 6.0 4.0 6.0 0.0 6.0 2.0 1.0 1.0 3.0 5.0 6.0 3.0 2.0 0.0 1.0 3.0 3.0 6.0 1.0 0.0 0.0 0.0 0.0 6.0 2.0 3.0 2.0
p103 3.0 2.0 2.0 4.0 1.0 4.0 5.0 0.0 5.0 2.0 0.0 6.0 0.0 1.0 2.0 1.0 1.0 6.0 1.0 2.0 1.0 3.0 4.0 3.0 1.0 6.0 6.0 6.0 1.0 4.0 3.0 1.0 5.0 2.0 0.0 1.0 4.0 4.0 1.0 6.0 5.0 1.0 3.0 3.0 5.0 6.0 0.0 6.0
p104 2.0 1.0 6.0 2.0 2.0 5.0 0.0 0.0 2.0 1.0 0.0 5.0 3.0 0.0 1.0 6.0 3.0 2.0 3.0 6.0 1.0 0.0 6.0 0.0 1.0 6.0 1.0 2.0 3.0 5.0 3.0 5.0 5.0 6.0 3.0 0.0 0.0 4.0 5.0 1.0 6.0 4.0 1.0 6.0 2.0 4.0 6.0 0.0
p105 4.0 2.0 5.0 1.0 0.0 1.0 0.0 2.0 6.0 2.0 5.0 6.0 0.0 1.0 4.0 4.0 6.0 4.0 0.0 5.0 6.0 5.0 0.0 5.0 0.0 3.0 3.0 0.0 0.0 6.0 2.0 2.0 6.0 0.0 0.0 2.0 1.0 2.0 0.0 1.0 0.0 6.0 0.0 1.0 4.0 2.0 1.0 0.0
p106 4.0 3.0 0.0 0.0 0.0 3.0 0.0 2.0 3.0 0.0 5.0 0.0 0.0 2.0 3.0 2.0 6.0 1.0 1.0 2.0 0.0 0.0 0.0 6.0 3.0 1.0 2.0 6.0 5.0 3.0 1.0 3.0 3.0 6.0 1.0 6.0 0.0 0.0 3.0 6.0 3.0 2.0 1.0 5.0 0.0 5.0 3.0 6.0
p107 1.0 6.0 3.0 2.0 2.0 4.0 2.0 5.0 2.0 4.0 0.0 1.0 4.0 2.0 6.0 4.0 0.0 3.0 1.0 0.0 0.0 4.0 4.0 6.0 6.0 2.0 2.0 5.0 2.0 0.0 4.0 3.0 6.0 5.0 2.0 4.0 4.0 2.0 5.0 4.0 0.0 3.0 0.0 0.0 4.0 3.0 1.0 3.0
p108 2.0 6.0 5.0 3.0 4.0 5.0 6.0 1.0 4.0 6.0 3.0 3.0 1.0 4.0 3.0 4.0 3.0 5.0 5.0 1.0 1.0 2.0 1.0 5.0 1.0 6.0 1.0 5.0 5.0 4.0 3.0 0.0 2.0 5.0 1.0 1.0 1.0 3.0 1.0 5.0 4.0 4.0 5.0 3.0 5.0 1.0 2.0 1.0
p109 0.0 1.0 0.0 1.0 0.0 6.0 1.0 5.0 0.0 3.0 0.0 1.0 2.0 6.0 5.0 3.0 5.0 2.0 5.0 4.0 2.0 0.0 1.0 6.0 1.0 3.0 5.0 6.0 6.0 0.0 1.0 3.0 1.0 0.0 5.0 2.0 1.0 0.0 5.0 0.0 2.0 4.0 1.0 2.0 4.0 2.0 1.0 0.0
p110 6.0 2.0 3.0 3.0 2.0 5.0 0.0 6.0 4.0 6.0 0.0 6.0 2.0 1.0 1.0 2.0 5.0 2.0 1.0 3.0 2.0 0.0 5.0 2.0 5.0 3.0 2.0 3.0 2.0 3.0 0.0 0.0 1.0 3.0 4.0 6.0 3.0 1.0 3.0 4.0 4.0 0.0 0.0 2.0 3.0 0.0 0.0 6.0
p111 4.0 3.0 2.0 1.0 1.0 5.0 1.0 0.0 1.0 1.0 1.0 3.0 6.0 5.0 0.0 1.0 3.0 0.0 4.0 5.0 3.0 5.0 0.0 4.0 3.0 1.0 2.0 5.0 6.0 1.0 4.0 1.0 0.0 4.0 0.0 2.0 1.0 2.0 0.0 6.0 6.0 5.0 0.0 4.0 2.0 2.0 2.0 2.0
p112 3.0 0.0 5.0 0.0 1.0 5.0 0.0 2.0 4.0 3.0 1.0 0.0 2.0 2.0 5.0 0.0 1.0 0.0 4.0 1.0 5.0 4.0 2.0 4.0 6.0 1.0 3.0 2.0 1.0 1.0 2.0 3.0 5.0 5.0 2.0 4.0 1.0 0.0 0.0 0.0 3.0 2.0 0.0 4.0 0.0 0.0 6.0 0.0
p113 5.0 0.0 4.0 1.0 5.0 4.0 3.0 5.0 5.0 2.0 5.0 1.0 6.0 0.0 0.0 4.0 5.0 6.0 1.0 1.0 3.0 2.0 3.0 3.0 6.0 4.0 1.0 4.0 0.0 3.0 3.0 1.0 5.0 6.0 3.0 2.0 1.0 0.0 0.0 0.0 2.0 4.0 3.0 2.0 3.0 0.0 3.0 1.0
p114 0.0 4.0 4.0 5.0 5.0 0.0 6.0 0.0 2.0 4.0 2.0 0.0 0.0 6.0 2.0 3.0 2.0 3.0 0.0 5.0 0.0 6.0 1.0 6.0 4.0 4.0 0.0 3.0 0.0 0.0 3.0 6.0 0.0 3.0 2.0 4.0 2.0 4.0 1.0 0.0 0.0 2.0 3.0 3.0 2.0 0.0 5.0 2.0
p115 3.0 3.0 2.0 3.0 6.0 1.0 0.0 2.0 3.0 1.0 4.0 3.0 4.0 5.0 0.0 2.0 0.0 6.0 2.0 4.0 0.0 2.0 5.0 3.0 2.0 1.0 3.0 2.0 0.0 3.0 1.0 3.0 4.0 1.0 0.0 1.0 6.0 5.0 0.0 2.0 5.0 5.0 4.0 3.0 6.0 6.0 6.0 2.0
p116 3.0 2.0 2.0 2.0 2.0 2.0 3.0 6.0 4.0 2.0 4.0 0.0 3.0 0.0 3.0 0.0 0.0 0.0 1.0 0.0 0.0 6.0 2.0 5.0 1.0 2.0 0.0 3.0 5.0 4.0 2.0 0.0 1.0 2.0 6.0 3.0 3.0 1.0 6.0 6.0 0.0 3.0 3.0 1.0 2.0 1.0 6.0 3.0
p117 5.0 5.0 4.0 3.0 2.0 4.0 5.0 4.0 3.0 3.0 1.0 0.0 3.0 4.0 1.0 1.0 1.0 5.0 4.0 3.0 1.0 2.0 5.0 6.0 5.0 3.0 0.0 2.0 4.0 6.0 4.0 6.0 2.0 2.0 1.0 3.0 2.0 0.0 0.0 2.0 1.0 0.0 5.0 0.0 0.0 6.0 2.0 2.0
p118 5.0 5.0 3.0 2.0 6.0 5.0 5.0 0.0 0.0 6.0 2.0 4.0 1.0 2.0 0.0 0.0 3.0 5.0 4.0 2.0 5.0 0.0 3.0 5.0 4.0 0.0 4.0 1.0 1.0 6.0 4.0 5.0 2.0 6.0 4.0 2.0 0.0 0.0 3.0 2.0 4.0 3.0 4.0 2.0 3.0 3.0 0.0 2.0
p119 3.0 0.0 6.0 0.0 0.0 0.0 5.0 1.0 3.0 1.0 6.0 1.0 6.0 1.0 3.0 5.0 3.0 2.0 4.0 4.0 2.0 6.0 0.0 0.0 1.0 0.0 1.0 1.0 6.0 4.0 4.0 3.0 6.0 1.0 1.0 6.0 3.0 5.0 3.0 6.0 1.0 6.0 6.0 1.0 5.0 5.0 0.0 5.0
p120 2.0 3.0 5.0 2.0 0.0 2.0 1.0 2.0 1.0 4.0 3.0 0.0 0.0 4.0 5.0 4.0 2.0 0.0 0.0 1.0 2.0 0.0 3.0 1.0 2.0 5.0 2.0 3.0 3.0 0.0 4.0 2.0 2.0 2.0 6.0 0.0 2.0 4.0 0.0 0.0 1.0 3.0 3.0 2.0 2.0 5.0 0.0 6.0
p121 5.0 0.0 1.0 3.0 0.0 4.0 6.0 3.0 2.0 2.0 6.0 6.0 3.0 2.0 3.0 2.0 1.0 1.0 2.0 2.0 2.0 3.0 0.0 2.0 1.0 3.0 6.0 5.0 2.0 6.0 2.0 2.0 4.0 3.0 0.0 0.0 2.0 1.0 1.0 3.0 4.0 2.0 4.0 3.0 6.0 6.0 3.0 4.0
p122 0.0 5.0 0.0 5.0 3.0 5.0 1.0 1.0 2.0 4.0 4.0 5.0 2.0 5.0 1.0 0.0 5.0 0.0 5.0 1.0 5.0 1.0 2.0 2.0 6.0 3.0 2.0 0.0 6.0 1.0 0.0 6.0 3.0 3.0 6.0 1.0 4.0 2.0 2.0 1.0 2.0 1.0 1.0 0.0 4.0 3.0 0.0 2.0
p123 1.0 4.0 6.0 3.0 5.0 3.0 1.0 0.0 0.0 2.0 5.0 0.0 5.0 0.0 2.0 1.0 2.0 1.0 5.0 5.0 4.0 4.0 1.0 4.0 6.0 5.0 5.0 6.0 2.0 1.0 0.0 0.0 6.0 6.0 3.0 5.0 2.0 3.0 4.0 1.0 5.0 6.0 4.0 0.0 5.0 4.0 0.0 1.0
p124 1.0 2.0 0.0 0.0 3.0 3.0 1.0 1.0 3.0 2.0 3.0 6.0 6.0 2.0 5.0 5.0 3.0 2.0 4.0 3.0 6.0 6.0 0.0 0.0 5.0 6.0 3.0 1.0 6.0 4.0 2.0 1.0 5.0 6.0 2.0 3.0 5.0 1.0 1.0 0.0 0.0 1.0 1.0 0.0 3.0 6.0 5.0 4.0
p125 1.0 2.0 4.0 0.0 3.0 4.0 4.0 5.0 3.0 5.0 4.0 5.0 2.0 4.0 0.0 2.0 4.0 6.0 5.0 2.0 0.0 3.0 1.0 6.0 0.0 3.0 4.0 1.0 1.0 5.0 1.0 1.0 1.0 6.0 4.0 0.0 1.0 3.0 6.0 2.0 3.0 6.0 4.0 0.0 0.0 4.0 4.0 0.0
p126 0.0 1.0 1.0 2.0 2.0 3.0 4.0 1.0 0.0 5.0 1.0 6.0 3.0 2.0 0.0 4.0 3.0 5.0 0.0 4.0 6.0 6.0 3.0 4.0 3.0 0.0 1.0 2.0 0.0 5.0 2.0 0.0 2.0 4.0 2.0 5.0 2.0 4.0 3.0 0.0 5.0 0.0 4.0 1.0 4.0 0.0 1.0 4.0
p127 2.0 0.0 4.0 3.0 3.0 4.0 2.0 2.0 2.0 2.0 0.0 4.0 2.0 3.0 1.0 0.0 1.0 6.0 4.0 1.0 6.0 3.0 4.0 2.0 0.0 5.0 1.0 6.0 1.0 5.0 6.0 5.0 4.0 3.0 0.0 0.0 1.0 2.0 2.0 4.0 4.0 0.0 3.0 3.0 0.0 4.0 2.0 3.0
p128 3.0 5.0 1.0 4.0 2.0 0.0 5.0 3.0 2.0 4.0 3.0 6.0 1.0 0.0 1.0 1.0 5.0 2.0 0.0 1.0 1.0 1.0 0.0 1.0 2.0 3.0 6.0 1.0 0.0 2.0 1.0 3.0 1.0 6.0 5.0 5.0 2.0 6.0 2.0 2.0 2.0 6.0 0.0 3.0 1.0 1.0 5.0 6.0
p129 1.0 5.0 1.0 6.0 3.0 0.0 6.0 2.0 5.0 3.0 0.0 0.0 3.0 1.0 3.0 2.0 2.0 6.0 6.0 3.0 3.0 6.0 6.0 5.0 2.0 0.0 0.0 2.0 3.0 5.0 4.0 0.0 6.0 0.0 1.0 3.0 4.0 4.0 5.0 3.0 5.0 2.0 5.0 2.0 4.0 5.0 6.0 1.0
p130 2.0 4.0 5.0 1.0 2.0 0.0 2.0 0.0 1.0 6.0 1.0 3.0 6.0 5.0 3.0 1.0 1.0 6.0 3.0 5.0 1.0 2.0 3.0 2.0 1.0 5.0 0.0 1.0 0.0 5.0 3.0 0.0 2.0 6.0 0.0 4.0 0.0 0.0 5.0 6.0 3.0 2.0 0.0 5.0 0.0 0.0 5.0 6.0
p131 2.0 1.0 6.0 5.0 3.0 0.0 3.0 2.0 3.0 6.0 3.0 6.0 4.0 4.0 2.0 2.0 0.0 5.0 5.0 6.0 0.0 4.0 0.0 4.0 0.0 4.0 1.0 4.0 1.0 5.0 0.0 2.0 6.0 3.0 5.0 5.0 0.0 4.0 5.0 6.0 4.0 1.0 5.0 3.0 6.0 6.0 5.0 5.0
p132 2.0 0.0 2.0 0.0 3.0 2.0 1.0 5.0 1.0 3.0 1.0 6.0 2.0 1.0 0.0 6.0 2.0 5.0 6.0 0.0 2.0 2.0 1.0 5.0 5.0 5.0 3.0 0.0 1.0 1.0 4.0 4.0 3.0 3.0 4.0 2.0 0.0 4.0 6.0 6.0 3.0 4.0 3.0 6.0 0.0 4.0 1.0 3.0
p133 4.0 5.0 5.0 0.0 3.0 3.0 0.0 2.0 6.0 0.0 2.0 2.0 1.0 5.0 1.0 6.0 5.0 0.0 2.0 0.0 0.0 6.0 6.0 5.0 2.0 1.0 0.0 6.0 6.0 5.0 2.0 1.0 1.0 0.0 3.0 0.0 5.0 6.0 3.0 4.0 2.0 5.0 2.0 2.0 3.0 5.0 5.0 1.0
p134 6.0 4.0 3.0 1.0 3.0 3.0 1.0 3.0 4.0 1.0 3.0 2.0 1.0 5.0 5.0 4.0 2.0 6.0 0.0 5.0 5.0 1.0 5.0 4.0 1.0 3.0 6.0 4.0 6.0 0.0 4.0 1.0 5.0 1.0 1.0 4.0 6.0 3.0 3.0 6.0 4.0 1.0 6.0 2.0 0.0 1.0 5.0 5.0
p135 0.0 6.0 1.0 2.0 0.0 0.0 1.0 1.0 0.0 0.0 4.0 3.0 4.0 3.0 1.0 2.0 4.0 1.0 5.0 4.0 0.0 0.0 0.0 0.0 1.0 6.0 1.0 0.0 6.0 6.0 5.0 2.0 1.0 3.0 0.0 1.0 6.0 2.0 4.0 2.0 2.0 5.0 0.0 1.0 1.0 1.0 6.0 2.0
p136 5.0 2.0 3.0 0.0 1.0 3.0 5.0 5.0 0.0 6.0 3.0 2.0 5.0 0.0 3.0 1.0 4.0 5.0 1.0 2.0 3.0 1.0 3.0 4.0 4.0 6.0 3.0 6.0 3.0 0.0 4.0 1.0 3.0 0.0 4.0 4.0 2.0 0.0 2.0 3.0 0.0 4.0 0.0 0.0 0.0 3.0 6.0 5.0
p137 1.0 0.0 4.0 3.0 6.0 0.0 3.0 4.0 4.0 5.0 5.0 2.0 3.0 6.0 5.0 0.0 3.0 0.0 2.0 4.0 5.0 6.0 2.0 1.0 3.0 1.0 0.0 2.0 2.0 4.0 3.0 6.0 4.0 2.0 1.0 4.0 3.0 3.0 4.0 0.0 0.0 2.0 2.0 6.0 4.0 5.0 2.0 3.0
p138 6.0 5.0 1.0 2.0 2.0 5.0 1.0 3.0 1.0 3.0 0.0 3.0 1.0 1.0 3.0 2.0 5.0 0.0 4.0 2.0 2.0 4.0 1.0 4.0 3.0 0.0 6.0 2.0 3.0 0.0 3.0 5.0 2.0 3.0 2.0 0.0 0.0 3.0 0.0 6.0 1.0 0.0 0.0 3.0 4.0 3.0 0.0 4.0
p139 6.0 4.0 3.0 5.0 3.0 0.0 3.0 4.0 0.0 1.0 3.0 3.0 0.0 1.0 4.0 0.0 5.0 1.0 2.0 1.0 2.0 2.0 2.0 0.0 1.0 6.0 0.0 1.0 1.0 0.0 2.0 2.0 0.0 6.0 4.0 2.0 1.0 1.0 5.0 6.0 3.0 2.0 4.0 4.0 4.0 2.0 0.0 2.0
p140 1.0 1.0 6.0 3.0 3.0 5.0 4.0 1.0 1.0 3.0 5.0 0.0 0.0 0.0 5.0 6.0 0.0 3.0 5.0 0.0 1.0 6.0 2.0 6.0 5.0 1.0 6.0 6.0 3.0 1.0 6.0 0.0 6.0 1.0 3.0 4.0 3.0 6.0 6.0 3.0 6.0 3.0 2.0 3.0 3.0 4.0 1.0 4.0
p141 1.0 2.0 2.0 3.0 2.0 3.0 3.0 4.0 5.0 5.0 3.0 1.0 3.0 5.0 5.0 5.0 3.0 6.0 5.0 4.0 0.0 3.0 2.0 3.0 4.0 6.0 6.0 3.0 5.0 4.0 5.0 1.0 6.0 5.0 2.0 0.0 0.0 4.0 2.0 2.0 5.0 5.0 1.0 2.0 0.0 5.0 3.0 2.0
p142 1.0 5.0 1.0 5.0 0.0 3.0 4.0 0.0 5.0 4.0 2.0 4.0 6.0 0.0 1.0 1.0 3.0 3.0 0.0 4.0 0.0 1.0 2.0 5.0 1.0 5.0 3.0 6.0 1.0 1.0 1.0 2.0 2.0 4.0 0.0 3.0 0.0 3.0 3.0 4.0 3.0 0.0 6.0 4.0 1.0 1.0 2.0 1.0
p143 2.0 4.0 2.0 2.0 3.0 1.0 4.0 2.0 2.0 3.0 1.0 3.0 1.0 1.0 2.0 0.0 2.0 4.0 0.0 2.0 4.0 2.0 3.0 5.0 4.0 3.0 3.0 4.0 3.0 1.0 6.0 4.0 3.0 2.0 1.0 1.0 0.0 2.0 0.0 2.0 5.0 5.0 3.0 2.0 5.0 1.0 4.0 1.0
p144 2.0 4.0 3.0 2.0 0.0 2.0 3.0 5.0 0.0 1.0 0.0 5.0 5.0 0.0 2.0 1.0 0.0 6.0 1.0 6.0 4.0 1.0 4.0 2.0 6.0 6.0 0.0 4.0 0.0 6.0 6.0 3.0 6.0 5.0 2.0 5.0 2.0 5.0 6.0 4.0 0.0 1.0 5.0 0.0 0.0 3.0 4.0 2.0
p145 3.0 1.0 3.0 2.0 0.0 5.0 1.0 4.0 4.0 3.0 2.0 5.0 2.0 2.0 6.0 6.0 5.0 2.0 0.0 5.0 6.0 3.0 4.0 0.0 3.0 6.0 0.0 4.0 4.0 3.0 2.0 2.0 0.0 0.0 5.0 0.0 4.0 2.0 0.0 6.0 5.0 0.0 6.0 0.0 0.0 3.0 1.0 0.0
p146 6.0 0.0 2.0 1.0 4.0 0.0 0.0 1.0 1.0 3.0 4.0 5.0 1.0 6.0 3.0 4.0 4.0 0.0 0.0 0.0 6.0 3.0 6.0 0.0 1.0 1.0 6.0 0.0 5.0 3.0 0.0 6.0 3.0 2.0 4.0 4.0 6.0 1.0 1.0 0.0 6.0 1.0 6.0 2.0 2.0 4.0 4.0 0.0
p147 3.0 6.0 0.0 2.0 4.0 0.0 4.0 1.0 0.0 2.0 0.0 1.0 3.0 3.0 4.0 6.0 4.0 2.0 6.0 1.0 0.0 2.0 3.0 1.0 2.0 6.0 6.0 4.0 2.0 0.0 4.0 1.0 6.0 0.0 2.0 0.0 4.0 3.0 2.0 4.0 1.0 1.0 6.0 1.0 5.0 2.0 0.0 3.0
p148 1.0 1.0 2.0 2.0 1.0 5.0 0.0 5.0 5.0 5.0 4.0 0.0 2.0 1.0 3.0 2.0 2.0 6.0 0.0 2.0 3.0 1.0 3.0 6.0 6.0 2.0 1.0 0.0 4.0 2.0 5.0 6.0 0.0 4.0 4.0 0.0 3.0 5.0 2.0 1.0 2.0 4.0 1.0 0.0 3.0 2.0 1.0 6.0
p149 2.0 5.0 5.0 5.0 5.0 0.0 0.0 1.0 0.0 4.0 0.0 5.0 4.0 3.0 1.0 5.0 0.0 1.0 3.0 0.0 5.0 1.0 1.0 3.0 2.0 3.0 2.0 6.0 2.0 2.0 3.0 0.0 4.0 0.0 4.0 1.0 1.0 6.0 5.0 2.0 3.0 6.0 6.0 3.0 6.0 5.0 5.0 4.0
p150 2.0 3.0 5.0 1.0 2.0 2.0 4.0 0.0 6.0 0.0 3.0 4.0 4.0 6.0 2.0 1.0 0.0 0.0 1.0 4.0 6.0 2.0 1.0 0.0 2.0 5.0 2.0 6.0 2.0 5.0 2.0 2.0 2.0 3.0 1.0 1.0 0.0 0.0 5.0 1.0 2.0 2.0 0.0 3.0 4.0 4.0 3.0 3.0
p151 0.0 4.0 0.0 5.0 6.0 0.0 4.0 1.0 4.0 3.0 3.0 3.0 0.0 0.0 2.0 1.0 1.0 0.0 2.0 6.0 0.0 3.0 1.0 2.0 3.0 0.0 4.0 5.0 3.0 3.0 0.0 3.0 0.0 3.0 4.0 4.0 2.0 5.0 2.0 6.0 4.0 6.0 5.0 1.0 6.0 6.0 0.0 6.0
p152 5.0 0.0 6.0 2.0 4.0 1.0 1.0 6.0 1.0 1.0 5.0 5.0 2.0 3.0 6.0 2.0 0.0 6.0 6.0 0.0 6.0 6.0 2.0 3.0 1.0 6.0 3.0 1.0 3.0 5.0 0.0 2.0 0.0 0.0 1.0 1.0 0.0 6.0 6.0 2.0 1.0 2.0 1.0 3.0 6.0 3.0 1.0 2.0
p153 0.0 1.0 4.0 5.0 3.0 1.0 4.0 0.0 6.0 6.0 5.0 4.0 2.0 5.0 5.0 4.0 1.0 1.0 3.0 1.0 1.0 1.0 6.0 0.0 2.0 5.0 1.0 1.0 3.0 2.0 3.0 5.0 3.0 5.0 4.0 5.0 0.0 0.0 4.0 2.0 6.0 2.0 4.0 3.0 3.0 6.0 3.0 0.0
p154 4.0 1.0 0.0 1.0 3.0 3.0 1.0 0.0 4.0 3.0 0.0 3.0 1.0 6.0 4.0 3.0 4.0 3.0 3.0 6.0 1.0 5.0 5.0 4.0 4.0 6.0 0.0 2.0 0.0 6.0 2.0 5.0 2.0 5.0 4.0 1.0 1.0 5.0 4.0 0.0 2.0 6.0 6.0 0.0 0.0 4.0 3.0 6.0
p155 3.0 6.0 3.0 4.0 6.0 1.0 5.0 0.0 4.0 2.0 5.0 3.0 0.0 6.0 0.0 4.0 5.0 1.0 6.0 2.0 3.0 1.0 2.0 5.0 5.0 2.0 1.0 3.0 4.0 3.0 1.0 1.0 1.0 6.0 3.0 1.0 5.0 5.0 0.0 1.0 1.0 6.0 5.0 5.0 5.0 3.0 0.0 0.0
p156 6.0 3.0 2.0 2.0 2.0 1.0 1.0 5.0 1.0 3.0 2.0 0.0 3.0 3.0 3.0 3.0 6.0 1.0 2.0 6.0 6.0 6.0 0.0 4.0 4.0 2.0 3.0 6.0 6.0 4.0 6.0 2.0 2.0 2.0 1.0 4.0 1.0 1.0 5.0 0.0 4.0 3.0 5.0 1.0 4.0 6.0 3.0 5.0
p157 3.0 6.0 6.0 2.0 4.0 6.0 3.0 4.0 0.0 0.0 2.0 4.0 5.0 1.0 5.0 6.0 1.0 2.0 5.0 1.0 2.0 3.0 6.0 6.0 2.0 0.0 0.0 4.0 3.0 3.0 6.0 2.0 0.0 4.0 3.0 3.0 2.0 2.0 0.0 5.0 6.0 0.0 4.0 3.0 5.0 1.0 6.0 1.0
p158 0.0 6.0 0.0 6.0 5.0 2.0 2.0 1.0 3.0 4.0 1.0 3.0 4.0 1.0 5.0 2.0 5.0 1.0 4.0 0.0 1.0 1.0 5.0 0.0 3.0 2.0 6.0 1.0 2.0 0.0 0.0 0.0 3.0 4.0 6.0 4.0 6.0 1.0 3.0 4.0 5.0 2.0 6.0 0.0 1.0 5.0 5.0 0.0
p159 1.0 0.0 6.0 0.0 1.0 1.0 1.0 4.0 0.0 3.0 1.0 5.0 3.0 2.0 3.0 2.0 0.0 5.0 1.0 6.0 0.0 2.0 0.0 2.0 1.0 1.0 4.0 4.0 2.0 0.0 6.0 4.0 1.0 3.0 0.0 1.0 6.0 5.0 1.0 0.0 0.0 5.0 0.0 0.0 2.0 0.0 0.0 4.0
p160 1.0 4.0 3.0 5.0 6.0 3.0 1.0 3.0 0.0 6.0 5.0 1.0 3.0 0.0 0.0 4.0 4.0 0.0 1.0 1.0 3.0 4.0 1.0 2.0 2.0 2.0 5.0 3.0 4.0 0.0 1.0 6.0 5.0 1.0 6.0 6.0 3.0 5.0 0.0 4.0 1.0 1.0 0.0 4.0 0.0 0.0 4.0 4.0
p161 4.0 2.0 3.0 1.0 2.0 0.0 3.0 0.0 6.0 0.0 3.0 4.0 1.0 0.0 2.0 2.0 5.0 1.0 5.0 0.0 4.0 1.0 0.0 3.0 0.0 4.0 6.0 2.0 4.0 4.0 6.0 3.0 4.0 2.0 0.0 1.0 4.0 4.0 0.0 1.0 5.0 4.0 6.0 4.0 2.0 1.0 6.0 1.0
p162 5.0 0.0 6.0 3.0 2.0 0.0 1.0 4.0 4.0 3.0 3.0 4.0 5.0 4.0 1.0 2.0 4.0 3.0 0.0 6.0 1.0 0.0 6.0 1.0 2.0 4.0 2.0 0.0 2.0 5.0 3.0 6.0 1.0 1.0 0.0 0.0 5.0 0.0 6.0 2.0 5.0 2.0 5.0 0.0 1.0 0.0 5.0 2.0
p163 6.0 5.0 4.0 2.0 6.0 1.0 0.0 1.0 0.0 0.0 1.0 3.0 1.0 6.0 5.0 5.0 1.0 2.0 2.0 0.0 3.0 3.0 3.0 2.0 2.0 0.0 1.0 2.0 4.0 1.0 3.0 0.0 1.0 1.0 2.0 1.0 5.0 1.0 3.0 3.0 6.0 0.0 1.0 5.0 2.0 5.0 3.0 2.0
p164 4.0 3.0 0.0 2.0 1.0 6.0 5.0 2.0 5.0 0.0 3.0 3.0 1.0 0.0 3.0 2.0 0.0 1.0 2.0 1.0 4.0 6.0 2.0 6.0 5.0 2.0 2.0 5.0 1.0 4.0 3.0 2.0 5.0 2.0 0.0 2.0 1.0 5.0 0.0 3.0 2.0 1.0 4.0 3.0 0.0 2.0 0.0 5.0
p165 4.0 5.0 0.0 3.0 3.0 4.0 4.0 1.0 3.0 0.0 2.0 3.0 2.0 2.0 0.0 5.0 5.0 0.0 4.0 2.0 2.0 5.0 0.0 2.0 0.0 2.0 2.0 0.0 5.0 5.0 0.0 0.0 3.0 5.0 2.0 0.0 1.0 2.0 2.0 1.0 3.0 0.0 5.0 5.0 0.0 2.0 1.0 2.0
p166 3.0 1.0 2.0 2.0 0.0 3.0 2.0 2.0 4.0 4.0 6.0 4.0 3.0 1.0 4.0 5.0 4.0 1.0 6.0 2.0 4.0 5.0 5.0 4.0 1.0 2.0 3.0 2.0 3.0 4.0 5.0 4.0 5.0 6.0 5.0 6.0 4.0 1.0 1.0 6.0 3.0 3.0 1.0 6.0 4.0 1.0 3.0 1.0
p167 6.0 2.0 4.0 3.0 6.0 2.0 5.0 4.0 2.0 0.0 3.0 6.0 1.0 0.0 4.0 1.0 5.0 0.0 3.0 0.0 6.0 6.0 0.0 1.0 5.0 2.0 2.0 1.0 1.0 2.0 5.0 2.0 2.0 2.0 5.0 5.0 4.0 6.0 4.0 2.0 1.0 4.0 2.0 6.0 1.0 6.0 1.0 5.0
p168 6.0 2.0 4.0 5.0 2.0 4.0 6.0 2.0 3.0 0.0 3.0 2.0 3.0 1.0 5.0 2.0 1.0 3.0 5.0 3.0 5.0 1.0 1.0 5.0 2.0 4.0 5.0 2.0 2.0 3.0 0.0 6.0 0.0 2.0 1.0 0.0 1.0 0.0 4.0 0.0 6.0 2.0 4.0 0.0 2.0 0.0 0.0 6.0
p169 0.0 5.0 1.0 6.0 5.0 2.0 6.0 5.0 6.0 5.0 0.0 1.0 5.0 4.0 4.0 6.0 1.0 3.0 2.0 0.0 3.0 4.0 6.0 5.0 4.0 4.0 6.0 1.0 1.0 6.0 1.0 4.0 6.0 6.0 5.0 5.0 3.0 2.0 1.0 0.0 2.0 2.0 2.0 4.0 4.0 1.0 3.0 4.0
p170 6.0 1.0 1.0 0.0 6.0 1.0 3.0 0.0 5.0 2.0 3.0 5.0 5.0 2.0 3.0 0.0 1.0 3.0 2.0 6.0 3.0 1.0 3.0 6.0 5.0 3.0 4.0 1.0 0.0 1.0 6.0 4.0 0.0 0.0 3.0 5.0 1.0 1.0 5.0 5.0 2.0 4.0 3.0 0.0 2.0 0.0 6.0 3.0
p171 1.0 0.0 0.0 3.0 6.0 2.0 1.0 0.0 6.0 6.0 3.0 2.0 2.0 5.0 6.0 3.0 0.0 2.0 0.0 2.0 4.0 1.0 5.0 3.0 1.0 6.0 0.0 0.0 3.0 0.0 3.0 4.0 3.0 4.0 4.0 5.0 5.0 2.0 0.0 2.0 0.0 5.0 1.0 6.0 0.0 2.0 0.0 4.0
p172 0.0 2.0 2.0 6.0 4.0 5.0 6.0 3.0 2.0 1.0 5.0 2.0 1.0 4.0 3.0 0.0 1.0 1.0 4.0 3.0 4.0 0.0 2.0 5.0 3.0 1.0 2.0 1.0 2.0 5.0 5.0 2.0 4.0 2.0 5.0 1.0 5.0 4.0 6.0 5.0 1.0 5.0 2.0 0.0 3.0 3.0 5.0 4.0
p173 1.0 5.0 5.0 5.0 0.0 2.0 6.0 1.0 6.0 5.0 0.0 3.0 4.0 2.0 3.0 1.0 4.0 1.0 2.0 3.0 5.0 0.0 3.0 0.0 6.0 2.0 4.0 2.0 5.0 1.0 6.0 1.0 0.0 4.0 3.0 3.0 0.0 5.0 5.0 0.0 1.0 2.0 3.0 2.0 3.0 2.0 4.0 4.0
p174 0.0 2.0 0.0 5.0 0.0 2.0 0.0 6.0 1.0 5.0 4.0 0.0 6.0 2.0 4.0 3.0 2.0 0.0 6.0 0.0 3.0 4.0 4.0 6.0 0.0 6.0 5.0 2.0 1.0 4.0 1.0 4.0 1.0 3.0 3.0 0.0 1.0 2.0 5.0 2.0 6.0 5.0 3.0 5.0 0.0 1.0 0.0 5.0
p175 1.0 6.0 5.0 1.0 5.0 6.0 5.0 4.0 3.0 0.0 0.0 2.0 1.0 3.0 2.0 5.0 5.0 2.0 2.0 1.0 0.0 3.0 5.0 6.0 2.0 3.0 0.0 2.0 6.0 0.0 4.0 4.0 6.0 1.0 0.0 5.0 1.0 3.0 4.0 4.0 0.0 6.0 1.0 0.0 6.0 0.0 1.0 0.0
p176 6.0 0.0 5.0 6.0 5.0 1.0 6.0 4.0 0.0 1.0 4.0 5.0 4.0 5.0 3.0 6.0 3.0 0.0 1.0 4.0 6.0 3.0 3.0 0.0 2.0 0.0 3.0 5.0 0.0 4.0 1.0 0.0 2.0 1.0 6.0 2.0 1.0 4.0 5.0 2.0 4.0 2.0 0.0 3.0 4.0 5.0 2.0 0.0
p177 1.0 4.0 5.0 0.0 2.0 4.0 2.0 2.0 1.0 3.0 1.0 3.0 6.0 3.0 1.0 2.0 2.0 4.0 2.0 0.0 0.0 5.0 1.0 0.0 0.0 3.0 2.0 0.0 1.0 1.0 0.0 6.0 0.0 1.0 2.0 3.0 3.0 2.0 0.0 0.0 2.0 3.0 3.0 5.0 0.0 3.0 2.0 1.0
p178 3.0 5.0 0.0 1.0 6.0 5.0 1.0 1.0 1.0 6.0 1.0 6.0 1.0 0.0 6.0 1.0 5.0 1.0 6.0 6.0 5.0 0.0 1.0 1.0 4.0 0.0 2.0 0.0 2.0 0.0 3.0 0.0 0.0 1.0 0.0 1.0 1.0 5.0 0.0 1.0 4.0 0.0 5.0 0.0 1.0 4.0 4.0 5.0
p179 2.0 5.0 0.0 4.0 2.0 0.0 1.0 2.0 0.0 3.0 0.0 3.0 1.0 0.0 4.0 0.0 0.0 5.0 6.0 0.0 4.0 3.0 4.0 1.0 2.0 2.0 0.0 0.0 0.0 2.0 3.0 2.0 3.0 2.0 2.0 3.0 0.0 4.0 4.0 0.0 0.0 6.0 3.0 0.0 4.0 5.0 6.0 3.0
p180 0.0 5.0 1.0 6.0 3.0 2.0 2.0 6.0 1.0 0.0 3.0 1.0 0.0 3.0 1.0 1.0 6.0 0.0 4.0 2.0 0.0 2.0 3.0 6.0 0.0 2.0 4.0 5.0 2.0 0.0 2.0 3.0 5.0 4.0 0.0 1.0 1.0 6.0 0.0 2.0 1.0 5.0 0.0 3.0 6.0 0.0 5.0 0.0
p181 3.0 3.0 0.0 0.0 4.0 6.0 1.0 0.0 3.0 4.0 2.0 4.0 0.0 3.0 6.0 2.0 4.0 6.0 0.0 0.0 3.0 2.0 6.0 3.0 2.0 1.0 6.0 2.0 1.0 2.0 2.0 4.0 5.0 2.0 4.0 4.0 5.0 1.0 5.0 3.0 5.0 5.0 4.0 3.0 3.0 6.0 0.0 0.0
p182 1.0 0.0 5.0 5.0 1.0 1.0 1.0 5.0 2.0 2.0 3.0 6.0 0.0 6.0 4.0 4.0 0.0 3.0 1.0 5.0 2.0 5.0 0.0 2.0 1.0 6.0 6.0 4.0 6.0 2.0 4.0 3.0 3.0 5.0 6.0 2.0 1.0 4.0 6.0 3.0 2.0 0.0 1.0 4.0 3.0 0.0 0.0 3.0
p183 5.0 1.0 6.0 2.0 2.0 0.0 0.0 1.0 0.0 2.0 1.0 1.0 5.0 5.0 5.0 4.0 1.0 3.0 0.0 5.0 3.0 2.0 4.0 6.0 1.0 3.0 6.0 3.0 2.0 6.0 5.0 5.0 0.0 6.0 6.0 4.0 6.0 1.0 1.0 4.0 0.0 5.0 2.0 0.0 3.0 0.0 4.0 5.0
p184 5.0 4.0 4.0 0.0 0.0 4.0 5.0 4.0 6.0 6.0 0.0 3.0 4.0 1.0 5.0 0.0 1.0 0.0 0.0 6.0 5.0 4.0 1.0 3.0 3.0 6.0 5.0 0.0 5.0 0.0 5.0 0.0 4.0 0.0 5.0 0.0 6.0 6.0 4.0 1.0 3.0 6.0 1.0 4.0 0.0 1.0 6.0 5.0
p185 6.0 2.0 6.0 1.0 1.0 1.0 3.0 4.0 1.0 1.0 0.0 4.0 0.0 2.0 2.0 1.0 4.0 1.0 4.0 0.0 2.0 1.0 5.0 3.0 3.0 1.0 5.0 6.0 3.0 6.0 0.0 1.0 6.0 1.0 0.0 2.0 3.0 5.0 1.0 5.0 2.0 3.0 0.0 5.0 1.0 3.0 1.0 3.0
p186 1.0 1.0 3.0 3.0 1.0 2.0 5.0 1.0 1.0 0.0 0.0 1.0 6.0 5.0 6.0 4.0 4.0 0.0 6.0 5.0 2.0 5.0 3.0 6.0 0.0 2.0 1.0 1.0 3.0 5.0 6.0 3.0 5.0 4.0 1.0 1.0 5.0 5.0 3.0 3.0 4.0 4.0 0.0 1.0 5.0 1.0 1.0 1.0
p187 2.0 6.0 2.0 4.0 2.0 1.0 5.0 1.0 1.0 5.0 0.0 2.0 6.0 0.0 0.0 3.0 6.0 6.0 3.0 1.0 0.0 0.0 2.0 4.0 2.0 1.0 4.0 1.0 0.0 0.0 1.0 4.0 1.0 2.0 0.0 2.0 6.0 2.0 0.0 2.0 3.0 2.0 3.0 5.0 0.0 0.0 1.0 2.0
p188 4.0 1.0 0.0 6.0 3.0 6.0 3.0 1.0 4.0 6.0 1.0 5.0 1.0 3.0 0.0 4.0 2.0 0.0 5.0 1.0 0.0 1.0 4.0 6.0 2.0 1.0 4.0 0.0 2.0 1.0 2.0 2.0 3.0 3.0 6.0 2.0 6.0 3.0 5.0 3.0 5.0 2.0 5.0 1.0 0.0 0.0 2.0 1.0
p189 1.0 4.0 3.0 0.0 0.0 0.0 0.0 0.0 1.0 1.0 1.0 5.0 4.0 1.0 5.0 1.0 1.0 3.0 5.0 4.0 1.0 2.0 3.0 4.0 2.0 6.0 1.0 4.0 0.0 4.0 6.0 6.0 2.0 5.0 3.0 3.0 5.0 0.0 4.0 0.0 3.0 2.0 0.0 4.0 4.0 6.0 5.0 1.0
p190 6.0 3.0 6.0 4.0 2.0 1.0 0.0 3.0 2.0 6.0 1.0 1.0 0.0 5.0 6.0 6.0 5.0 6.0 1.0 2.0 0.0 5.0 6.0 5.0 2.0 3.0 1.0 5.0 3.0 6.0 6.0 2.0 1.0 1.0 3.0 4.0 5.0 4.0 1.0 6.0 0.0 0.0 3.0 5.0 3.0 1.0 2.0 1.0
p191 2.0 6.0 6.0 5.0 3.0 2.0 0.0 6.0 0.0 0.0 4.0 3.0 4.0 4.0 0.0 5.0 3.0 1.0 6.0 3.0 3.0 2.0 2.0 1.0 1.0 5.0 3.0 6.0 0.0 4.0 0.0 3.0 2.0 1.0 3.0 1.0 4.0 0.0 6.0 4.0 0.0 1.0 2.0 1.0 0.0 0.0 4.0 2.0
p192 2.0 3.0 5.0 5.0 5.0 1.0 3.0 3.0 0.0 5.0 0.0 6.0 4.0 1.0 6.0 3.0 5.0 0.0 4.0 3.0 1.0 3.0 0.0 2.0 3.0 4.0 4.0 2.0 6.0 4.0 4.0 1.0 6.0 0.0 3.0 2.0 3.0 1.0 4.0 4.0 2.0 4.0 2.0 4.0 5.0 1.0 4.0 0.0
p193 6.0 0.0 4.0 1.0 2.0 4.0 5.0 5.0 6.0 2.0 1.0 6.0 6.0 2.0 4.0 1.0 4.0 2.0 0.0 3.0 0.0 6.0 6.0 2.0 1.0 0.0 2.0 2.0 4.0 6.0 0.0 1.0 4.0 1.0 4.0 2.0 1.0 2.0 2.0 3.0 4.0 0.0 3.0 6.0 4.0 6.0 1.0 5.0
p194 5.0 3.0 1.0 2.0 5.0 3.0 1.0 5.0 5.0 3.0 0.0 5.0 6.0 3.0 5.0 3.0 6.0 6.0 2.0 0.0 1.0 1.0 3.0 1.0 5.0 6.0 3.0 2.0 2.0 3.0 1.0 3.0 3.0 6.0 2.0 0.0 6.0 6.0 2.0 0.0 2.0 3.0 0.0 6.0 4.0 0.0 2.0 4.0
p195 0.0 2.0 4.0 3.0 5.0 3.0 0.0 1.0 3.0 3.0 4.0 1.0 6.0 0.0 6.0 4.0 6.0 5.0 3.0 0.0 2.0 2.0 0.0 3.0 4.0 0.0 2.0 3.0 3.0 2.0 4.0 5.0 1.0 1.0 3.0 6.0 1.0 1.0 2.0 4.0 1.0 4.0 4.0 1.0 1.0 2.0 4.0 5.0
p196 2.0 6.0 0.0 5.0 0.0 6.0 1.0 1.0 6.0 4.0 5.0 3.0 4.0 3.0 0.0 4.0 0.0 0.0 5.0 5.0 3.0 6.0 0.0 1.0 6.0 5.0 3.0 5.0 4.0 2.0 1.0 3.0 0.0 2.0 2.0 1.0 3.0 0.0 5.0 0.0 4.0 2.0 4.0 2.0 1.0 1.0 2.0 3.0
p197 3.0 1.0 1.0 2.0 3.0 0.0 0.0 2.0 0.0 6.0 4.0 3.0 5.0 5.0 6.0 1.0 2.0 4.0 2.0 2.0 5.0 3.0 2.0 2.0 1.0 0.0 1.0 3.0 3.0 4.0 1.0 0.0 1.0 0.0 6.0 3.0 4.0 2.0 4.0 3.0 5.0 0.0 4.0 0.0 2.0 3.0 0.0 2.0
p198 4.0 3.0 6.0 5.0 2.0 3.0 4.0 0.0 0.0 1.0 6.0 3.0 0.0 1.0 4.0 2.0 1.0 5.0 0.0 0.0 6.0 0.0 1.0 0.0 5.0 5.0 1.0 5.0 2.0 4.0 5.0 0.0 2.0 0.0 0.0 1.0 0.0 2.0 2.0 3.0 1.0 2.0 2.0 5.0 3.0 5.0 3.0 4.0
p199 5.0 5.0 1.0 2.0 5.0 0.0 1.0 6.0 0.0 6.0 6.0 1.0 4.0 2.0 3.0 2.0 6.0 0.0 3.0 0.0 3.0 6.0 3.0 0.0 5.0 3.0 1.0 1.0 5.0 6.0 0.0 1.0 1.0 0.0 3.0 0.0 5.0 3.0 1.0 1.0 0.0 1.0 0.0 0.0 0.0 1.0 6.0 0.0
p200 4.0 2.0 0.0 3.0 5.0 4.0 0.0 2.0 2.0 3.0 0.0 6.0 0.0 2.0 3.0 0.0 1.0 0.0 3.0 4.0 0.0 4.0 3.0 2.0 4.0 5.0 4.0 0.0 4.0 6.0 3.0 2.0 0.0 1.0 4.0 3.0 5.0 3.0 4.0 0.0 3.0 4.0 1.0 4.0 0.0 1.0 0.0 1.0
p201 0.0 5.0 2.0 2.0 2.0 6.0 6.0 5.0 2.0 5.0 0.0 5.0 2.0 0.0 0.0 6.0 6.0 0.0 0.0 1.0 0.0 1.0 2.0 2.0 3.0 5.0 4.0 2.0 6.0 2.0 5.0 0.0 0.0 6.0 1.0 6.0 4.0 3.0 5.0 4.0 2.0 3.0 3.0 2.0 2.0 4.0 2.0 4.0
p202 1.0 5.0 4.0 0.0 4.0 5.0 4.0 6.0 4.0 6.0 0.0 1.0 0.0 0.0 1.0 0.0 0.0 3.0 2.0 5.0 0.0 3.0 2.0 4.0 2.0 6.0 3.0 6.0 0.0 4.0 5.0 3.0 5.0 2.0 0.0 3.0 4.0 2.0 1.0 6.0 0.0 0.0 2.0 1.0 4.0 4.0 3.0 2.0
p203 6.0 4.0 2.0 1.0 3.0 5.0 4.0 4.0 2.0 3.0 2.0 2.0 6.0 2.0 3.0 0.0 4.0 6.0 0.0 3.0 3.0 1.0 6.0 2.0 3.0 1.0 4.0 6.0 3.0 0.0 6.0 1.0 6.0 0.0 4.0 2.0 1.0 3.0 2.0 2.0 2.0 3.0 6.0 5.0 4.0 0.0 0.0 5.0
p204 2.0 0.0 0.0 4.0 6.0 0.0 3.0 0.0 2.0 4.0 1.0 4.0 4.0 3.0 3.0 4.0 1.0 1.0 0.0 6.0 0.0 0.0 1.0 0.0 4.0 4.0 5.0 1.0 1.0 4.0 5.0 0.0 4.0 0.0 1.0 0.0 0.0 0.0 2.0 0.0 5.0 0.0 0.0 4.0 0.0 1.0 2.0 2.0
p205 6.0 5.0 0.0 0.0 0.0 1.0 5.0 2.0 3.0 3.0 6.0 6.0 6.0 5.0 5.0 1.0 0.0 5.0 6.0 3.0 3.0 3.0 5.0 4.0 6.0 5.0 4.0 1.0 3.0 2.0 3.0 4.0 6.0 5.0 3.0 3.0 0.0 6.0 5.0 3.0 1.0 0.0 2.0 6.0 2.0 0.0 3.0 1.0
p206 2.0 2.0 0.0 1.0 3.0 3.0 2.0 1.0 2.0 0.0 1.0 4.0 2.0 0.0 0.0 1.0 1.0 3.0 1.0 1.0 5.0 4.0 2.0 2.0 4.0 4.0 0.0 0.0 5.0 5.0 5.0 2.0 6.0 4.0 0.0 6.0 0.0 1.0 5.0 4.0 0.0 3.0 4.0 1.0 2.0 3.0 2.0 1.0
p207 5.0 0.0 4.0 1.0 0.0 2.0 0.0 3.0 2.0 1.0 2.0 2.0 2.0 3.0 3.0 0.0 2.0 2.0 4.0 3.0 1.0 0.0 3.0 6.0 2.0 2.0 4.0 2.0 3.0 2.0 6.0 2.0 3.0 6.0 4.0 4.0 4.0 5.0 0.0 2.0 5.0 1.0 2.0 0.0 3.0 0.0 6.0 0.0
p208 1.0 2.0 5.0 3.0 2.0 0.0 2.0 6.0 2.0 2.0 0.0 6.0 3.0 3.0 1.0 6.0 3.0 2.0 0.0 3.0 0.0 1.0 4.0 1.0 5.0 0.0 0.0 4.0 0.0 0.0 3.0 1.0 3.0 4.0 2.0 1.0 0.0 3.0 0.0 3.0 3.0 6.0 6.0 3.0 4.0 6.0 1.0 5.0
p209 0.0 5.0 4.0 5.0 1.0 3.0 1.0 2.0 6.0 4.0 2.0 6.0 1.0 1.0 2.0 4.0 0.0 3.0 3.0 1.0 1.0 6.0 6.0 2.0 3.0 2.0 0.0 0.0 0.0 6.0 3.0 3.0 5.0 3.0 2.0 0.0 5.0 3.0 5.0 1.0 4.0 1.0 2.0 2.0 4.0 2.0 6.0 6.0
p210 4.0 6.0 5.0 4.0 3.0 2.0 1.0 4.0 6.0 6.0 3.0 5.0 6.0 0.0 2.0 5.0 3.0 5.0 5.0 3.0 6.0 4.0 1.0 3.0 3.0 0.0 0.0 4.0 1.0 0.0 0.0 0.0 1.0 4.0 0.0 0.0 2.0 4.0 3.0 6.0 1.0 5.0 4.0 2.0 1.0 1.0 3.0 6.0
p211 4.0 6.0 3.0 0.0 2.0 0.0 3.0 1.0 6.0 2.0 0.0 0.0 6.0 0.0 1.0 5.0 2.0 6.0 3.0 0.0 2.0 5.0 2.0 2.0 6.0 6.0 2.0 3.0 4.0 5.0 1.0 3.0 1.0 2.0 3.0 5.0 3.0 6.0 3.0 2.0 5.0 2.0 1.0 6.0 1.0 3.0 5.0 5.0
p212 4.0 4.0 3.0 2.0 1.0 1.0 3.0 5.0 2.0 1.0 4.0 5.0 2.0 0.0 3.0 0.0 0.0 3.0 4.0 1.0 6.0 6.0 3.0 3.0 2.0 1.0 3.0 4.0 6.0 0.0 5.0 0.0 0.0 0.0 4.0 6.0 3.0 0.0 5.0 6.0 2.0 4.0 6.0 3.0 6.0 0.0 4.0 3.0
p213 5.0 0.0 2.0 1.0 5.0 1.0 3.0 5.0 4.0 3.0 1.0 5.0 6.0 3.0 1.0 1.0 2.0 4.0 5.0 1.0 2.0 0.0 3.0 1.0 2.0 3.0 1.0 4.0 0.0 0.0 6.0 6.0 0.0 6.0 3.0 6.0 3.0 3.0 4.0 3.0 6.0 1.0 6.0 2.0 1.0 5.0 0.0 2.0
p214 5.0 2.0 2.0 2.0 5.0 1.0 5.0 1.0 2.0 4.0 5.0 4.0 2.0 5.0 2.0 4.0 2.0 3.0 4.0 1.0 6.0 1.0 2.0 0.0 1.0 0.0 6.0 1.0 3.0 3.0 2.0 6.0 3.0 0.0 6.0 0.0 6.0 4.0 2.0 4.0 0.0 1.0 2.0 1.0 0.0 0.0 1.0 1.0
p215 3.0 0.0 2.0 1.0 0.0 5.0 4.0 4.0 2.0 3.0 1.0 0.0 3.0 1.0 0.0 2.0 1.0 1.0 0.0 3.0 2.0 1.0 1.0 6.0 0.0 3.0 6.0 1.0 0.0 0.0 4.0 5.0 1.0 1.0 4.0 3.0 5.0 2.0 3.0 4.0 5.0 0.0 4.0 5.0 5.0 5.0 2.0 6.0
p216 5.0 1.0 0.0 1.0 0.0 3.0 4.0 5.0 2.0 0.0 1.0 5.0 1.0 0.0 4.0 2.0 1.0 2.0 2.0 1.0 1.0 0.0 0.0 2.0 6.0 2.0 6.0 2.0 3.0 1.0 1.0 4.0 1.0 3.0 1.0 3.0 4.0 5.0 4.0 0.0 6.0 3.0 0.0 4.0 5.0 4.0 2.0 4.0
p217 1.0 0.0 4.0 3.0 4.0 1.0 1.0 1.0 1.0 6.0 4.0 4.0 0.0 3.0 5.0 4.0 5.0 1.0 3.0 6.0 0.0 6.0 0.0 2.0 1.0 5.0 0.0 1.0 6.0 1.0 0.0 4.0 6.0 3.0 3.0 5.0 6.0 5.0 1.0 1.0 3.0 2.0 4.0 2.0 6.0 0.0 5.0 4.0
p218 6.0 2.0 5.0 0.0 0.0 2.0 3.0 5.0 1.0 2.0 2.0 0.0 5.0 2.0 4.0 5.0 1.0 2.0 1.0 1.0 2.0 4.0 0.0 1.0 3.0 4.0 4.0 1.0 2.0 2.0 2.0 4.0 1.0 6.0 0.0 1.0 1.0 0.0 2.0 2.0 4.0 4.0 2.0 2.0 1.0 5.0 6.0 3.0
p219 3.0 4.0 4.0 0.0 4.0 2.0 0.0 2.0 1.0 1.0 2.0 2.0 4.0 1.0 3.0 4.0 5.0 3.0 6.0 1.0 0.0 1.0 4.0 0.0 0.0 4.0 3.0 0.0 4.0 3.0 4.0 0.0 2.0 0.0 4.0 6.0 1.0 2.0 0.0 5.0 4.0 4.0 5.0 1.0 0.0 6.0 0.0 0.0
p220 5.0 1.0 2.0 5.0 1.0 2.0 5.0 2.0 6.0 6.0 2.0 6.0 0.0 2.0 4.0 2.0 4.0 1.0 5.0 1.0 4.0 2.0 0.0 6.0 6.0 1.0 6.0 5.0 0.0 5.0 1.0 1.0 2.0 0.0 2.0 1.0 4.0 4.0 5.0 1.0 5.0 0.0 3.0 1.0 1.0 2.0 3.0 6.0
p221 2.0 4.0 6.0 4.0 4.0 1.0 2.0 1.0 0.0 1.0 0.0 1.0 5.0 1.0 1.0 4.0 2.0 3.0 3.0 1.0 4.0 1.0 3.0 3.0 6.0 5.0 6.0 4.0 5.0 3.0 1.0 2.0 5.0 6.0 2.0 3.0 4.0 3.0 0.0 2.0 2.0 3.0 2.0 6.0 0.0 1.0 6.0 4.0
p222 4.0 2.0 2.0 2.0 3.0 2.0 1.0 1.0 3.0 1.0 2.0 3.0 1.0 4.0 6.0 1.0 3.0 4.0 1.0 0.0 4.0 0.0 6.0 2.0 3.0 4.0 1.0 3.0 0.0 4.0 0.0 1.0 2.0 1.0 0.0 5.0 4.0 0.0 1.0 0.0 5.0 2.0 2.0 0.0 5.0 1.0 6.0 0.0
p223 0.0 6.0 3.0 0.0 0.0 0.0 1.0 1.0 5.0 2.0 0.0 2.0 0.0 1.0 2.0 0.0 3.0 3.0 4.0 2.0 1.0 6.0 2.0 3.0 2.0 3.0 5.0 1.0 1.0 3.0 6.0 3.0 1.0 1.0 3.0 1.0 0.0 2.0 1.0 0.0 3.0 1.0 4.0 1.0 1.0 3.0 1.0 4.0
p224 4.0 0.0 1.0 4.0 5.0 0.0 3.0 1.0 3.0 1.0 5.0 2.0 4.0 5.0 5.0 1.0 4.0 3.0 5.0 1.0 3.0 4.0 2.0 5.0 0.0 2.0 2.0 5.0 5.0 4.0 3.0 3.0 0.0 0.0 6.0 0.0 1.0 6.0 6.0 4.0 0.0 0.0 4.0 4.0 2.0 4.0 4.0 1.0
p225 6.0 3.0 1.0 2.0 5.0 5.0 2.0 6.0 4.0 1.0 6.0 1.0 1.0 0.0 0.0 2.0 2.0 3.0 3.0 5.0 3.0 2.0 5.0 0.0 5.0 1.0 6.0 3.0 0.0 1.0 2.0 6.0 5.0 1.0 6.0 4.0 0.0 3.0 6.0 2.0 1.0 2.0 5.0 4.0 1.0 2.0 3.0 3.0
p226 4.0 2.0 0.0 5.0 3.0 2.0 6.0 5.0 0.0 3.0 4.0 5.0 4.0 1.0 3.0 3.0 2.0 5.0 0.0 3.0 3.0 3.0 0.0 5.0 2.0 3.0 6.0 3.0 2.0 2.0 3.0 3.0 2.0 6.0 1.0 0.0 2.0 0.0 0.0 2.0 2.0 1.0 3.0 0.0 0.0 1.0 2.0 0.0
p227 0.0 4.0 5.0 3.0 1.0 1.0 4.0 6.0 3.0 3.0 5.0 6.0 1.0 0.0 5.0 4.0 3.0 3.0 3.0 1.0 2.0 1.0 3.0 6.0 2.0 4.0 6.0 4.0 4.0 1.0 5.0 5.0 6.0 6.0 1.0 4.0 2.0 3.0 5.0 0.0 6.0 1.0 0.0 5.0 2.0 1.0 5.0 1.0
p228 4.0 6.0 3.0 5.0 5.0 2.0 3.0 3.0 4.0 1.0 1.0 3.0 2.0 6.0 5.0 0.0 4.0 2.0 6.0 5.0 2.0 2.0 5.0 5.0 5.0 5.0 0.0 0.0 3.0 4.0 6.0 2.0 6.0 4.0 1.0 2.0 3.0 5.0 6.0 2.0 5.0 1.0 6.0 6.0 2.0 1.0 6.0 1.0
p229 4.0 3.0 2.0 6.0 0.0 5.0 4.0 1.0 2.0 6.0 0.0 1.0 0.0 1.0 3.0 2.0 1.0 2.0 2.0 2.0 4.0 4.0 3.0 1.0 4.0 5.0 1.0 2.0 2.0 0.0 0.0 1.0 2.0 1.0 0.0 5.0 2.0 0.0 2.0 4.0 0.0 1.0 1.0 3.0 4.0 5.0 5.0 4.0
p230 5.0 2.0 2.0 2.0 5.0 6.0 1.0 6.0 3.0 1.0 1.0 5.0 1.0 4.0 5.0 3.0 0.0 5.0 6.0 3.0 2.0 2.0 3.0 4.0 5.0 6.0 6.0 1.0 0.0 6.0 3.0 0.0 4.0 0.0 2.0 5.0 6.0 2.0 2.0 3.0 1.0 3.0 4.0 1.0 0.0 4.0 0.0 1.0
p231 3.0 6.0 3.0 2.0 1.0 1.0 6.0 6.0 6.0 4.0 1.0 0.0 6.0 6.0 3.0 0.0 3.0 3.0 1.0 3.0 6.0 4.0 6.0 0.0 2.0 3.0 1.0 4.0 3.0 5.0 2.0 0.0 3.0 3.0 4.0 1.0 4.0 0.0 0.0 3.0 1.0 0.0 3.0 0.0 5.0 3.0 3.0 5.0
p232 5.0 5.0 3.0 1.0 4.0 1.0 0.0 4.0 4.0 4.0 4.0 2.0 2.0 3.0 3.0 1.0 0.0 0.0 5.0 6.0 6.0 5.0 4.0 0.0 2.0 5.0 6.0 2.0 1.0 4.0 0.0 1.0 3.0 3.0 2.0 3.0 5.0 5.0 1.0 5.0 6.0 6.0 5.0 2.0 1.0 3.0 0.0 1.0
p233 6.0 2.0 2.0 3.0 3.0 6.0 5.0 5.0 2.0 1.0 1.0 0.0 1.0 6.0 2.0 6.0 3.0 0.0 1.0 0.0 4.0 1.0 4.0 1.0 5.0 3.0 4.0 0.0 2.0 2.0 6.0 3.0 3.0 1.0 3.0 2.0 4.0 4.0 6.0 3.0 0.0 6.0 3.0 3.0 3.0 6.0 1.0 6.0
p234 6.0 1.0 5.0 6.0 4.0 3.0 6.0 0.0 0.0 6.0 3.0 0.0 5.0 0.0 5.0 6.0 0.0 2.0 3.0 3.0 1.0 1.0 6.0 4.0 6.0 6.0 1.0 4.0 3.0 1.0 5.0 4.0 0.0 4.0 0.0 2.0 1.0 1.0 5.0 1.0 0.0 2.0 3.0 3.0 1.0 3.0 0.0 0.0
p235 1.0 6.0 4.0 1.0 4.0 1.0 4.0 2.0 4.0 2.0 4.0 3.0 1.0 0.0 2.0 5.0 3.0 4.0 2.0 4.0 1.0 2.0 3.0 4.0 1.0 2.0 2.0 2.0 6.0 5.0 5.0 4.0 3.0 3.0 4.0 0.0 3.0 3.0 5.0 1.0 2.0 5.0 3.0 1.0 4.0 1.0 2.0 0.0
p236 3.0 6.0 3.0 0.0 4.0 1.0 0.0 4.0 3.0 5.0 0.0 1.0 4.0 3.0 2.0 3.0 5.0 2.0 6.0 1.0 6.0 2.0 6.0 5.0 0.0 5.0 6.0 0.0 0.0 0.0 6.0 5.0 3.0 5.0 6.0 5.0 4.0 1.0 6.0 3.0 0.0 2.0 1.0 1.0 5.0 5.0 3.0 4.0
p237 6.0 6.0 2.0 2.0 2.0 0.0 0.0 4.0 5.0 4.0 0.0 0.0 2.0 6.0 1.0 1.0 6.0 3.0 1.0 3.0 3.0 5.0 6.0 6.0 0.0 4.0 2.0 4.0 1.0 0.0 4.0 1.0 1.0 6.0 5.0 3.0 4.0 0.0 0.0 0.0 6.0 6.0 1.0 1.0 3.0 1.0 4.0 1.0
p238 2.0 0.0 4.0 3.0 2.0 5.0 3.0 0.0 3.0 5.0 1.0 3.0 1.0 6.0 2.0 3.0 2.0 2.0 2.0 5.0 6.0 6.0 6.0 6.0 1.0 6.0 3.0 4.0 4.0 1.0 1.0 2.0 2.0 5.0 3.0 6.0 0.0 1.0 5.0 3.0 5.0 5.0 3.0 3.0 0.0 6.0 5.0 5.0
p239 1.0 1.0 2.0 3.0 0.0 2.0 6.0 2.0 1.0 2.0 0.0 6.0 0.0 1.0 4.0 4.0 4.0 6.0 5.0 0.0 0.0 1.0 3.0 0.0 0.0 0.0 6.0 2.0 0.0 0.0 5.0 6.0 4.0 5.0 6.0 3.0 3.0 0.0 2.0 6.0 3.0 4.0 1.0 0.0 0.0 0.0 4.0 4.0
p240 4.0 2.0 3.0 2.0 1.0 1.0 1.0 4.0 5.0 0.0 2.0 5.0 1.0 5.0 1.0 1.0 4.0 2.0 4.0 5.0 5.0 1.0 4.0 2.0 6.0 5.0 0.0 4.0 5.0 5.0 2.0 2.0 0.0 5.0 4.0 5.0 2.0 0.0 2.0 0.0 5.0 1.0 6.0 6.0 6.0 4.0 4.0 3.0
p241 0.0 2.0 2.0 2.0 2.0 3.0 6.0 1.0 3.0 0.0 4.0 2.0 0.0 6.0 5.0 2.0 6.0 1.0 2.0 0.0 6.0 2.0 6.0 1.0 2.0 4.0 3.0 3.0 4.0 5.0 5.0 4.0 6.0 0.0 2.0 0.0 2.0 0.0 2.0 2.0 0.0 3.0 4.0 2.0 5.0 5.0 2.0 3.0
p242 5.0 5.0 4.0 2.0 4.0 4.0 4.0 6.0 2.0 2.0 3.0 2.0 0.0 0.0 4.0 5.0 0.0 6.0 4.0 1.0 3.0 5.0 3.0 3.0 0.0 1.0 1.0 5.0 0.0 5.0 5.0 3.0 2.0 6.0 4.0 2.0 1.0 0.0 6.0 6.0 5.0 0.0 2.0 4.0 3.0 6.0 4.0 3.0
p243 2.0 5.0 5.0 2.0 2.0 6.0 3.0 0.0 4.0 4.0 5.0 1.0 0.0 1.0 0.0 6.0 2.0 5.0 6.0 3.0 6.0 1.0 1.0 3.0 4.0 2.0 1.0 0.0 1.0 3.0 5.0 2.0 1.0 1.0 3.0 2.0 3.0 3.0 6.0 6.0 3.0 6.0 2.0 5.0 3.0 2.0 6.0 3.0
p244 1.0 5.0 4.0 3.0 3.0 6.0 5.0 4.0 1.0 0.0 4.0 1.0 4.0 2.0 0.0 5.0 1.0 1.0 6.0 6.0 0.0 0.0 4.0 0.0 2.0 4.0 0.0 3.0 3.0 1.0 2.0 3.0 1.0 0.0 6.0 5.0 3.0 5.0 4.0 5.0 5.0 2.0 4.0 4.0 5.0 4.0 4.0 0.0
p245 4.0 4.0 2.0 2.0 5.0 6.0 1.0 3.0 2.0 0.0 2.0 4.0 4.0 1.0 1.0 3.0 4.0 0.0 2.0 4.0 3.0 0.0 5.0 3.0 3.0 1.0 1.0 5.0 6.0 3.0 4.0 5.0 1.0 2.0 0.0 3.0 6.0 0.0 4.0 6.0 6.0 3.0 2.0 2.0 2.0 1.0 3.0 3.0
p246 4.0 3.0 1.0 4.0 5.0 6.0 2.0 0.0 5.0 2.0 4.0 6.0 3.0 3.0 6.0 3.0 3.0 3.0 2.0 6.0 5.0 0.0 4.0 4.0 5.0 3.0 6.0 0.0 2.0 3.0 3.0 1.0 6.0 4.0 0.0 3.0 6.0 0.0 0.0 2.0 5.0 0.0 1.0 4.0 1.0 1.0 6.0 4.0
p247 1.0 3.0 3.0 0.0 6.0 0.0 6.0 1.0 4.0 0.0 2.0 3.0 1.0 3.0 1.0 0.0 5.0 1.0 2.0 4.0 3.0 2.0 0.0 5.0 6.0 1.0 3.0 6.0 6.0 0.0 3.0 0.0 4.0 0.0 0.0 2.0 1.0 5.0 0.0 3.0 2.0 4.0 0.0 0.0 1.0 1.0 1.0 1.0
p248 1.0 4.0 6.0 6.0 4.0 1.0 6.0 6.0 0.0 1.0 0.0 5.0 0.0 0.0 3.0 1.0 6.0 1.0 0.0 0.0 1.0 3.0 4.0 4.0 5.0 0.0 2.0 4.0 2.0 0.0 3.0 4.0 0.0 5.0 5.0 3.0 4.0 1.0 2.0 6.0 6.0 2.0 3.0 3.0 0.0 6.0 0.0 2.0
p249 0.0 1.0 4.0 0.0 1.0 3.0 3.0 2.0 0.0 6.0 2.0 0.0 0.0 0.0 1.0 0.0 4.0 1.0 3.0 4.0 5.0 2.0 3.0 0.0 0.0 1.0 1.0 3.0 1.0 2.0 2.0 3.0 2.0 1.0 4.0 1.0 0.0 3.0 0.0 6.0 4.0 2.0 5.0 3.0 2.0 6.0 4.0 2.0
p250 2.0 4.0 6.0 4.0 1.0 0.0 0.0 3.0 6.0 3.0 3.0 4.0 2.0 5.0 6.0 3.0 1.0 3.0 0.0 3.0 1.0 0.0 0.0 1.0 4.0 1.0 3.0 4.0 1.0 2.0 2.0 4.0 1.0 3.0 4.0 1.0 0.0 1.0 3.0 4.0 0.0 6.0 3.0 4.0 0.0 3.0 4.0 4.0
p251 1.0 3.0 6.0 2.0 5.0 5.0 5.0 2.0 1.0 0.0 1.0 2.0 5.0 3.0 4.0 2.0 5.0 2.0 1.0 4.0 2.0 4.0 0.0 2.0 5.0 5.0 0.0 3.0 6.0 0.0 3.0 2.0 1.0 2.0 1.0 4.0 3.0 2.0 6.0 4.0 5.0 6.0 5.0 5.0 5.0 0.0 0.0 4.0
p252 3.0 1.0 3.0 2.0 3.0 4.0 1.0 4.0 5.0 4.0 3.0 5.0 0.0 2.0 6.0 5.0 3.0 0.0 0.0 0.0 4.0 0.0 3.0 3.0 6.0 0.0 5.0 3.0 1.0 2.0 3.0 0.0 4.0 1.0 3.0 4.0 0.0 2.0 6.0 3.0 6.0 5.0 5.0 4.0 4.0 4.0 6.0 1.0
p253 3.0 6.0 5.0 6.0 6.0 4.0 1.0 1.0 3.0 3.0 5.0 6.0 0.0 0.0 6.0 0.0 1.0 0.0 3.0 4.0 0.0 6.0 3.0 2.0 1.0 3.0 3.0 1.0 3.0 6.0 1.0 6.0 6.0 5.0 0.0 1.0 2.0 1.0 0.0 1.0 5.0 3.0 3.0 5.0 0.0 1.0 1.0 3.0
p254 6.0 1.0 1.0 5.0 4.0 3.0 5.0 4.0 4.0 2.0 0.0 5.0 0.0 0.0 4.0 0.0 0.0 6.0 5.0 4.0 5.0 5.0 3.0 0.0 1.0 3.0 2.0 6.0 2.0 2.0 0.0 6.0 5.0 2.0 0.0 2.0 6.0 4.0 2.0 3.0 5.0 1.0 0.0 0.0 1.0 0.0 4.0 4.0
p255 2.0 2.0 3.0 3.0 4.0 0.0 0.0 4.0 6.0 4.0 2.0 0.0 6.0 5.0 4.0 3.0 2.0 0.0 4.0 4.0 6.0 0.0 1.0 3.0 5.0 5.0 0.0 4.0 4.0 1.0 5.0 3.0 2.0 6.0 0.0 1.0 5.0 3.0 1.0 0.0 2.0 1.0 1.0 3.0 2.0 5.0 1.0 2.0
p256 0.0 3.0 6.0 0.0 1.0 0.0 3.0 2.0 2.0 0.0 5.0 0.0 4.0 1.0 5.0 6.0 4.0 0.0 1.0 1.0 6.0 0.0 0.0 4.0 2.0 5.0 0.0 6.0 1.0 4.0 1.0 5.0 5.0 4.0 1.0 2.0 0.0 6.0 3.0 4.0 2.0 0.0 4.0 4.0 3.0 1.0 0.0 3.0
p257 3.0 0.0 0.0 4.0 3.0 3.0 5.0 4.0 5.0 3.0 6.0 2.0 1.0 2.0 1.0 1.0 0.0 0.0 0.0 0.0 6.0 1.0 4.0 3.0 1.0 2.0 2.0 3.0 4.0 5.0 6.0 4.0 4.0 0.0 2.0 3.0 1.0 1.0 2.0 2.0 3.0 0.0 5.0 3.0 5.0 3.0 1.0 4.0
p258 2.0 0.0 3.0 4.0 2.0 5.0 4.0 2.0 3.0 6.0 3.0 0.0 1.0 3.0 5.0 2.0 1.0 1.0 5.0 0.0 4.0 2.0 2.0 3.0 2.0 4.0 2.0 2.0 5.0 4.0 6.0 5.0 2.0 1.0 4.0 3.0 4.0 5.0 1.0 4.0 0.0 6.0 3.0 4.0 6.0 2.0 6.0 6.0
p259 1.0 4.0 4.0 1.0 6.0 0.0 6.0 1.0 2.0 3.0 4.0 2.0 3.0 1.0 0.0 6.0 5.0 6.0 0.0 1.0 0.0 5.0 0.0 0.0 0.0 4.0 4.0 5.0 2.0 3.0 2.0 1.0 3.0 6.0 2.0 1.0 6.0 2.0 3.0 0.0 0.0 5.0 0.0 2.0 0.0 4.0 0.0 2.0
p260 2.0 0.0 5.0 5.0 2.0 5.0 1.0 2.0 2.0 2.0 6.0 3.0 1.0 6.0 6.0 6.0 6.0 2.0 2.0 1.0 2.0 2.0 3.0 4.0 5.0 5.0 1.0 1.0 6.0 3.0 6.0 4.0 6.0 2.0 0.0 6.0 2.0 2.0 0.0 6.0 2.0 5.0 6.0 1.0 1.0 3.0 5.0 0.0
p261 2.0 4.0 2.0 0.0 0.0 5.0 2.0 1.0 1.0 1.0 3.0 0.0 3.0 4.0 0.0 5.0 4.0 4.0 5.0 2.0 4.0 1.0 2.0 0.0 2.0 6.0 1.0 1.0 4.0 3.0 1.0 4.0 0.0 5.0 3.0 0.0 3.0 1.0 5.0 5.0 2.0 1.0 1.0 0.0 5.0 4.0 6.0 5.0
p262 6.0 4.0 5.0 3.0 6.0 0.0 2.0 4.0 4.0 4.0 3.0 2.0 2.0 1.0 3.0 5.0 6.0 0.0 0.0 6.0 1.0 2.0 1.0 4.0 6.0 1.0 2.0 0.0 6.0 0.0 4.0 3.0 1.0 0.0 1.0 3.0 6.0 0.0 1.0 0.0 6.0 0.0 3.0 1.0 6.0 1.0 0.0 3.0
p263 5.0 3.0 2.0 1.0 2.0 1.0 1.0 5.0 3.0 3.0 6.0 5.0 4.0 5.0 4.0 1.0 2.0 1.0 6.0 1.0 5.0 0.0 5.0 3.0 1.0 6.0 2.0 4.0 0.0 1.0 5.0 4.0 2.0 0.0 5.0 0.0 5.0 0.0 4.0 6.0 1.0 4.0 5.0 1.0 4.0 4.0 2.0 3.0
p264 6.0 0.0 5.0 6.0 3.0 3.0 4.0 6.0 0.0 1.0 6.0 4.0 4.0 1.0 5.0 1.0 2.0 1.0 2.0 4.0 5.0 4.0 5.0 5.0 4.0 4.0 1.0 1.0 6.0 0.0 0.0 0.0 6.0 4.0 6.0 1.0 5.0 1.0 0.0 0.0 0.0 1.0 1.0 2.0 3.0 3.0 1.0 5.0
p265 0.0 0.0 2.0 5.0 4.0 0.0 1.0 2.0 2.0 3.0 0.0 0.0 2.0 0.0 1.0 1.0 3.0 1.0 1.0 2.0 4.0 3.0 0.0 1.0 2.0 2.0 2.0 4.0 5.0 3.0 0.0 1.0 5.0 1.0 2.0 2.0 6.0 2.0 5.0 3.0 3.0 4.0 6.0 4.0 6.0 6.0 1.0 4.0
p266 0.0 0.0 0.0 1.0 5.0 3.0 6.0 4.0 3.0 0.0 1.0 1.0 4.0 5.0 0.0 6.0 0.0 4.0 1.0 4.0 5.0 2.0 3.0 4.0 3.0 3.0 3.0 1.0 6.0 0.0 0.0 0.0 2.0 1.0 2.0 3.0 1.0 4.0 5.0 4.0 6.0 0.0 0.0 2.0 0.0 6.0 4.0 5.0
p267 5.0 3.0 4.0 2.0 1.0 5.0 4.0 3.0 5.0 6.0 4.0 4.0 2.0 0.0 2.0 2.0 2.0 3.0 1.0 6.0 1.0 6.0 2.0 4.0 1.0 3.0 4.0 0.0 4.0 1.0 0.0 3.0 1.0 6.0 0.0 2.0 1.0 1.0 4.0 3.0 5.0 1.0 4.0 5.0 6.0 4.0 5.0 1.0
p268 4.0 6.0 0.0 2.0 2.0 6.0 3.0 0.0 2.0 3.0 1.0 6.0 5.0 0.0 1.0 3.0 2.0 0.0 2.0 6.0 6.0 6.0 5.0 2.0 5.0 2.0 2.0 3.0 6.0 5.0 2.0 3.0 3.0 1.0 3.0 2.0 3.0 2.0 2.0 2.0 4.0 2.0 0.0 5.0 2.0 3.0 2.0 4.0
p269 2.0 0.0 4.0 2.0 1.0 5.0 3.0 1.0 2.0 0.0 4.0 2.0 5.0 2.0 5.0 2.0 1.0 1.0 0.0 3.0 5.0 1.0 5.0 6.0 1.0 2.0 3.0 2.0 2.0 0.0 0.0 6.0 6.0 3.0 3.0 4.0 0.0 0.0 6.0 3.0 3.0 2.0 3.0 2.0 4.0 0.0 6.0 5.0
p270 4.0 5.0 2.0 4.0 1.0 3.0 5.0 6.0 0.0 0.0 6.0 1.0 1.0 2.0 1.0 0.0 5.0 0.0 5.0 3.0 1.0 5.0 0.0 4.0 3.0 3.0 1.0 5.0 1.0 3.0 4.0 1.0 1.0 2.0 5.0 4.0 2.0 5.0 2.0 2.0 6.0 6.0 2.0 5.0 2.0 6.0 2.0 2.0
p271 6.0 2.0 5.0 6.0 2.0 5.0 1.0 0.0 3.0 3.0 0.0 5.0 2.0 5.0 4.0 3.0 1.0 0.0 3.0 4.0 1.0 4.0 5.0 1.0 1.0 5.0 3.0 0.0 2.0 1.0 5.0 2.0 1.0 2.0 1.0 5.0 0.0 5.0 0.0 3.0 0.0 2.0 0.0 0.0 6.0 3.0 1.0 4.0
p272 1.0 0.0 5.0 2.0 0.0 1.0 3.0 3.0 1.0 3.0 5.0 5.0 6.0 2.0 5.0 2.0 6.0 3.0 6.0 4.0 0.0 3.0 4.0 3.0 2.0 3.0 6.0 4.0 2.0 5.0 4.0 1.0 0.0 3.0 1.0 2.0 1.0 3.0 6.0 3.0 0.0 1.0 5.0 2.0 0.0 4.0 0.0 0.0
p273 0.0 2.0 3.0 1.0 2.0 5.0 4.0 5.0 1.0 4.0 2.0 1.0 5.0 5.0 5.0 0.0 3.0 6.0 3.0 6.0 1.0 1.0 0.0 6.0 2.0 0.0 5.0 3.0 4.0 6.0 0.0 3.0 5.0 5.0 1.0 6.0 1.0 0.0 6.0 6.0 3.0 2.0 3.0 1.0 5.0 4.0 0.0 5.0
p274 2.0 4.0 4.0 3.0 5.0 5.0 0.0 1.0 3.0 2.0 0.0 4.0 2.0 2.0 2.0 5.0 0.0 0.0 1.0 6.0 0.0 3.0 3.0 5.0 1.0 3.0 1.0 4.0 3.0 1.0 3.0 2.0 6.0 6.0 5.0 3.0 2.0 3.0 0.0 0.0 6.0 1.0 1.0 0.0 4.0 4.0 0.0 6.0
p275 4.0 3.0 0.0 6.0 4.0 0.0 3.0 6.0 5.0 2.0 2.0 4.0 0.0 2.0 5.0 1.0 1.0 2.0 3.0 5.0 1.0 5.0 1.0 3.0 0.0 5.0 2.0 3.0 1.0 0.0 0.0 6.0 0.0 2.0 0.0 0.0 3.0 6.0 6.0 0.0 0.0 4.0 2.0 0.0 1.0 2.0 3.0 3.0
p276 0.0 6.0 1.0 1.0 6.0 2.0 6.0 2.0 0.0 3.0 0.0 1.0 0.0 4.0 5.0 4.0 1.0 0.0 0.0 0.0 3.0 2.0 2.0 6.0 0.0 1.0 5.0 0.0 0.0 2.0 4.0 5.0 5.0 4.0 0.0 3.0 2.0 1.0 5.0 2.0 0.0 0.0 1.0 1.0 5.0 1.0 2.0 2.0
p277 0.0 1.0 0.0 0.0 3.0 3.0 4.0 6.0 4.0 1.0 0.0 6.0 2.0 3.0 5.0 4.0 1.0 4.0 2.0 1.0 3.0 2.0 3.0 1.0 4.0 2.0 1.0 6.0 6.0 6.0 3.0 2.0 5.0 0.0 0.0 0.0 1.0 4.0 1.0 5.0 0.0 6.0 4.0 5.0 2.0 0.0 5.0 1.0
p278 2.0 3.0 4.0 6.0 5.0 6.0 6.0 5.0 1.0 3.0 3.0 3.0 2.0 1.0 2.0 4.0 1.0 5.0 1.0 0.0 3.0 6.0 6.0 2.0 6.0 3.0 5.0 3.0 2.0 4.0 5.0 0.0 5.0 0.0 3.0 3.0 6.0 2.0 3.0 5.0 4.0 3.0 3.0 1.0 1.0 3.0 5.0 3.0
p279 4.0 0.0 5.0 1.0 0.0 5.0 0.0 4.0 5.0 5.0 4.0 4.0 4.0 6.0 6.0 3.0 4.0 5.0 0.0 1.0 0.0 1.0 1.0 4.0 3.0 0.0 2.0 1.0 2.0 2.0 5.0 2.0 3.0 6.0 6.0 1.0 5.0 3.0 2.0 0.0 0.0 0.0 2.0 4.0 6.0 0.0 3.0 3.0
p280 3.0 0.0 1.0 0.0 4.0 3.0 4.0 5.0 0.0 3.0 4.0 2.0 3.0 0.0 1.0 3.0 1.0 3.0 0.0 0.0 6.0 2.0 2.0 3.0 1.0 3.0 1.0 1.0 5.0 4.0 5.0 6.0 0.0 2.0 1.0 3.0 1.0 0.0 0.0 2.0 2.0 4.0 1.0 1.0 2.0 5.0 1.0 1.0
p281 2.0 3.0 6.0 3.0 0.0 2.0 6.0 5.0 0.0 0.0 4.0 3.0 5.0 1.0 5.0 3.0 3.0 2.0 0.0 5.0 5.0 6.0 3.0 6.0 2.0 6.0 3.0 2.0 3.0 2.0 4.0 3.0 4.0 1.0 0.0 6.0 2.0 3.0 4.0 4.0 4.0 0.0 4.0 0.0 0.0 0.0 4.0 3.0
p282 6.0 1.0 5.0 6.0 4.0 4.0 0.0 6.0 5.0 4.0 4.0 4.0 2.0 2.0 6.0 5.0 0.0 5.0 6.0 6.0 2.0 0.0 2.0 0.0 2.0 3.0 0.0 5.0 5.0 0.0 1.0 0.0 4.0 0.0 5.0 0.0 0.0 5.0 3.0 4.0 3.0 1.0 3.0 5.0 6.0 2.0 6.0 4.0
p283 0.0 3.0 0.0 0.0 4.0 0.0 4.0 5.0 0.0 3.0 4.0 5.0 0.0 1.0 1.0 0.0 6.0 2.0 2.0 3.0 3.0 4.0 6.0 5.0 0.0 2.0 3.0 2.0 3.0 6.0 3.0 1.0 2.0 1.0 1.0 3.0 3.0 0.0 1.0 0.0 1.0 0.0 3.0 1.0 6.0 4.0 4.0 2.0
p284 4.0 2.0 5.0 6.0 0.0 6.0 1.0 0.0 4.0 5.0 4.0 0.0 0.0 0.0 3.0 0.0 2.0 1.0 1.0 3.0 3.0 0.0 6.0 3.0 0.0 4.0 3.0 5.0 4.0 5.0 1.0 2.0 3.0 1.0 6.0 4.0 0.0 4.0 6.0 1.0 0.0 4.0 4.0 3.0 2.0 4.0 1.0 0.0
p285 1.0 0.0 2.0 2.0 1.0 2.0 0.0 0.0 3.0 1.0 2.0 5.0 1.0 2.0 2.0 2.0 0.0 4.0 6.0 0.0 5.0 2.0 3.0 0.0 6.0 3.0 0.0 0.0 2.0 1.0 3.0 0.0 6.0 0.0 0.0 3.0 1.0 2.0 2.0 1.0 2.0 1.0 0.0 2.0 1.0 2.0 2.0 2.0
p286 2.0 1.0 5.0 2.0 6.0 3.0 2.0 6.0 3.0 3.0 1.0 2.0 1.0 6.0 6.0 6.0 1.0 5.0 1.0 5.0 4.0 4.0 3.0 1.0 1.0 1.0 2.0 0.0 1.0 2.0 1.0 3.0 2.0 0.0 2.0 2.0 1.0 5.0 1.0 4.0 3.0 3.0 0.0 3.0 3.0 6.0 2.0 5.0
p287 6.0 1.0 5.0 5.0 2.0 6.0 3.0 5.0 1.0 0.0 0.0 0.0 2.0 3.0 1.0 2.0 2.0 3.0 1.0 5.0 0.0 6.0 0.0 1.0 4.0 6.0 6.0 6.0 0.0 5.0 3.0 5.0 4.0 5.0 0.0 4.0 2.0 5.0 1.0 3.0 1.0 0.0 3.0 4.0 3.0 1.0 3.0 0.0
p288 1.0 6.0 2.0 0.0 3.0 3.0 0.0 3.0 1.0 3.0 6.0 6.0 2.0 2.0 2.0 1.0 2.0 4.0 0.0 2.0 2.0 2.0 4.0 0.0 3.0 0.0 6.0 3.0 0.0 1.0 6.0 1.0 3.0 2.0 6.0 0.0 0.0 5.0 6.0 1.0 3.0 2.0 0.0 1.0 1.0 6.0 0.0 1.0
p289 4.0 2.0 4.0 6.0 6.0 6.0 0.0 0.0 0.0 1.0 2.0 0.0 3.0 6.0 0.0 2.0 1.0 1.0 4.0 5.0 2.0 3.0 4.0 2.0 1.0 4.0 0.0 1.0 1.0 1.0 0.0 5.0 1.0 0.0 0.0 3.0 3.0 3.0 5.0 0.0 5.0 6.0 6.0 6.0 5.0 0.0 0.0 6.0
p290 0.0 0.0 1.0 0.0 5.0 5.0 6.0 2.0 2.0 5.0 2.0 1.0 2.0 3.0 3.0 1.0 5.0 2.0 6.0 3.0 1.0 5.0 5.0 4.0 6.0 6.0 1.0 4.0 5.0 2.0 1.0 1.0 2.0 2.0 0.0 0.0 3.0 1.0 1.0 0.0 4.0 4.0 1.0 4.0 4.0 1.0 0.0 3.0
p291 5.0 6.0 0.0 3.0 4.0 4.0 3.0 3.0 5.0 0.0 0.0 3.0 4.0 6.0 6.0 0.0 5.0 3.0 0.0 4.0 0.0 4.0 1.0 4.0 0.0 1.0 6.0 4.0 1.0 3.0 5.0 5.0 2.0 3.0 0.0 4.0 0.0 1.0 4.0 4.0 1.0 1.0 4.0 4.0 1.0 5.0 0.0 1.0
p292 1.0 2.0 6.0 6.0 3.0 1.0 0.0 0.0 0.0 0.0 2.0 3.0 3.0 3.0 0.0 5.0 1.0 4.0 5.0 3.0 3.0 6.0 4.0 1.0 1.0 0.0 0.0 6.0 4.0 2.0 3.0 2.0 4.0 2.0 1.0 1.0 1.0 1.0 4.0 3.0 2.0 0.0 1.0 3.0 4.0 5.0 6.0 6.0
p293 6.0 0.0 5.0 3.0 0.0 1.0 6.0 0.0 2.0 3.0 6.0 3.0 0.0 4.0 0.0 6.0 6.0 1.0 0.0 0.0 1.0 5.0 6.0 1.0 0.0 1.0 2.0 6.0 2.0 6.0 1.0 0.0 1.0 2.0 2.0 2.0 1.0 0.0 1.0 2.0 1.0 0.0 5.0 5.0 3.0 5.0 4.0 4.0
p294 1.0 1.0 0.0 6.0 5.0 5.0 4.0 2.0 3.0 1.0 6.0 1.0 1.0 3.0 2.0 1.0 1.0 6.0 3.0 4.0 6.0 5.0 2.0 4.0 5.0 5.0 6.0 1.0 2.0 6.0 6.0 4.0 4.0 0.0 0.0 6.0 3.0 6.0 0.0 1.0 2.0 4.0 6.0 1.0 3.0 0.0 1.0 5.0
p295 4.0 0.0 5.0 0.0 6.0 3.0 3.0 6.0 0.0 6.0 3.0 1.0 6.0 2.0 1.0 0.0 0.0 3.0 3.0 6.0 0.0 2.0 3.0 3.0 6.0 5.0 4.0 0.0 2.0 4.0 3.0 5.0 0.0 2.0 4.0 5.0 0.0 3.0 5.0 2.0 4.0 1.0 4.0 6.0 4.0 3.0 3.0 0.0
p296 6.0 3.0 4.0 4.0 2.0 2.0 5.0 1.0 3.0 4.0 1.0 5.0 3.0 2.0 5.0 6.0 1.0 6.0 2.0 1.0 1.0 5.0 0.0 6.0 2.0 1.0 5.0 5.0 4.0 5.0 5.0 4.0 5.0 1.0 5.0 5.0 6.0 3.0 1.0 2.0 1.0 4.0 3.0 2.0 6.0 5.0 5.0 6.0
p297 0.0 5.0 2.0 6.0 5.0 6.0 2.0 0.0 3.0 5.0 5.0 2.0 0.0 2.0 2.0 2.0 1.0 1.0 0.0 2.0 0.0 0.0 4.0 2.0 3.0 3.0 2.0 3.0 1.0 3.0 6.0 4.0 5.0 3.0 3.0 2.0 5.0 0.0 0.0 1.0 5.0 2.0 2.0 6.0 6.0 1.0 2.0 1.0
p298 6.0 1.0 4.0 3.0 4.0 3.0 2.0 0.0 0.0 4.0 3.0 5.0 0.0 0.0 3.0 2.0 6.0 4.0 3.0 1.0 2.0 6.0 0.0 5.0 5.0 0.0 0.0 3.0 6.0 1.0 5.0 6.0 0.0 0.0 0.0 1.0 5.0 5.0 1.0 6.0 3.0 3.0 3.0 1.0 5.0 1.0 3.0 0.0
p299 0.0 0.0 1.0 6.0 0.0 2.0 3.0 6.0 0.0 4.0 2.0 5.0 3.0 3.0 0.0 2.0 2.0 1.0 3.0 2.0 2.0 4.0 4.0 5.0 5.0 0.0 0.0 3.0 4.0 1.0 0.0 3.0 0.0 1.0 4.0 6.0 1.0 3.0 4.0 4.0 0.0 6.0 2.0 5.0 2.0 1.0 1.0 3.0
p300 3.0 2.0 6.0 3.0 2.0 1.0 3.0 2.0 2.0 1.0 2.0 0.0 5.0 0.0 3.0 2.0 4.0 4.0 5.0 4.0 0.0 3.0 0.0 4.0 6.0 1.0 1.0 1.0 0.0 4.0 1.0 6.0 1.0 4.0 0.0 6.0 3.0 5.0 1.0 0.0 0.0 3.0 0.0 2.0 2.0 3.0 2.0 0.0
p301 6.0 0.0 5.0 4.0 2.0 0.0 3.0 1.0 3.0 1.0 0.0 5.0 2.0 5.0 1.0 6.0 1.0 6.0 0.0 3.0 5.0 3.0 3.0 0.0 5.0 3.0 6.0 1.0 2.0 4.0 1.0 3.0 2.0 0.0 2.0 2.0 6.0 5.0 6.0 6.0 3.0 0.0 0.0 1.0 2.0 1.0 3.0 1.0
p302 5.0 5.0 1.0 0.0 1.0 5.0 3.0 5.0 2.0 6.0 2.0 5.0 1.0 3.0 2.0 6.0 1.0 4.0 4.0 0.0 0.0 3.0 6.0 3.0 6.0 5.0 1.0 2.0 6.0 0.0 1.0 0.0 2.0 0.0 4.0 3.0 2.0 6.0 6.0 2.0 3.0 1.0 1.0 1.0 6.0 3.0 2.0 0.0
p303 2.0 4.0 2.0 5.0 4.0 4.0 6.0 2.0 2.0 3.0 1.0 2.0 3.0 5.0 5.0 2.0 6.0 0.0 1.0 5.0 2.0 1.0 2.0 3.0 3.0 4.0 4.0 2.0 3.0 2.0 6.0 6.0 3.0 3.0 0.0 6.0 1.0 6.0 2.0 6.0 5.0 4.0 2.0 0.0 3.0 4.0 5.0 2.0
p304 3.0 3.0 1.0 5.0 5.0 0.0 0.0 0.0 1.0 4.0 0.0 5.0 1.0 6.0 0.0 2.0 6.0 0.0 0.0 3.0 4.0 1.0 4.0 2.0 4.0 4.0 0.0 0.0 0.0 4.0 1.0 6.0 2.0 0.0 4.0 2.0 4.0 1.0 2.0 2.0 0.0 4.0 2.0 0.0 0.0 3.0 2.0 0.0
p305 4.0 4.0 6.0 4.0 5.0 0.0 3.0 3.0 2.0 1.0 3.0 3.0 5.0 4.0 6.0 5.0 0.0 2.0 4.0 2.0 4.0 2.0 4.0 2.0 2.0 4.0 4.0 0.0 1.0 1.0 3.0 1.0 1.0 0.0 2.0 1.0 6.0 5.0 0.0 5.0 5.0 6.0 0.0 5.0 0.0 4.0 0.0 6.0
p306 4.0 3.0 4.0 5.0 5.0 5.0 1.0 4.0 1.0 3.0 1.0 1.0 2.0 6.0 3.0 2.0 3.0 0.0 2.0 0.0 1.0 1.0 2.0 0.0 1.0 2.0 1.0 0.0 2.0 6.0 0.0 0.0 4.0 0.0 0.0 0.0 1.0 6.0 0.0 4.0 3.0 5.0 1.0 5.0 2.0 3.0 0.0 1.0
p307 0.0 2.0 0.0 1.0 4.0 5.0 3.0 4.0 0.0 0.0 3.0 5.0 2.0 4.0 3.0 6.0 0.0 3.0 3.0 4.0 3.0 2.0 2.0 4.0 5.0 3.0 6.0 4.0 0.0 6.0 0.0 1.0 5.0 5.0 4.0 4.0 3.0 0.0 5.0 6.0 5.0 0.0 3.0 3.0 1.0 1.0 6.0 6.0
p308 2.0 6.0 2.0 2.0 2.0 0.0 2.0 4.0 6.0 3.0 1.0 5.0 6.0 2.0 3.0 0.0 4.0 0.0 3.0 4.0 3.0 4.0 5.0 0.0 0.0 3.0 5.0 0.0 3.0 0.0 6.0 1.0 2.0 5.0 5.0 4.0 0.0 4.0 0.0 2.0 5.0 4.0 2.0 1.0 5.0 3.0 3.0 4.0
p309 0.0 4.0 4.0 1.0 3.0 4.0 4.0 4.0 1.0 0.0 6.0 0.0 2.0 4.0 0.0 1.0 1.0 5.0 2.0 1.0 6.0 4.0 3.0 1.0 0.0 6.0 5.0 3.0 4.0 1.0 3.0 0.0 1.0 2.0 3.0 2.0 0.0 0.0 2.0 3.0 6.0 6.0 2.0 4.0 5.0 6.0 4.0 3.0
p310 4.0 1.0 4.0 6.0 5.0 0.0 0.0 4.0 2.0 3.0 6.0 6.0 5.0 2.0 0.0 2.0 0.0 6.0 5.0 2.0 5.0 5.0 3.0 0.0 6.0 0.0 3.0 2.0 2.0 2.0 2.0 0.0 1.0 5.0 1.0 2.0 5.0 3.0 1.0 6.0 4.0 2.0 6.0 0.0 6.0 5.0 6.0 0.0
p311 1.0 0.0 0.0 0.0 6.0 2.0 6.0 1.0 2.0 2.0 1.0 0.0 1.0 0.0 1.0 4.0 4.0 3.0 5.0 6.0 3.0 6.0 5.0 0.0 5.0 3.0 6.0 5.0 1.0 5.0 4.0 3.0 0.0 0.0 3.0 2.0 6.0 5.0 3.0 2.0 6.0 0.0 0.0 3.0 4.0 5.0 0.0 3.0
p312 0.0 2.0 0.0 2.0 1.0 4.0 3.0 2.0 0.0 6.0 2.0 3.0 5.0 3.0 6.0 6.0 0.0 3.0 1.0 3.0 3.0 6.0 1.0 0.0 0.0 3.0 3.0 0.0 0.0 4.0 2.0 6.0 4.0 1.0 1.0 5.0 6.0 6.0 1.0 2.0 5.0 3.0 1.0 5.0 3.0 5.0 4.0 1.0
p313 5.0 1.0 6.0 0.0 6.0 1.0 1.0 1.0 0.0 1.0 4.0 5.0 0.0 4.0 1.0 2.0 5.0 2.0 5.0 2.0 3.0 5.0 5.0 5.0 1.0 6.0 4.0 3.0 4.0 2.0 0.0 4.0 3.0 5.0 0.0 2.0 4.0 6.0 5.0 5.0 0.0 0.0 0.0 0.0 3.0 1.0 4.0 4.0
p314 2.0 4.0 3.0 2.0 3.0 0.0 1.0 0.0 0.0 0.0 5.0 1.0 0.0 3.0 6.0 1.0 4.0 1.0 2.0 0.0 1.0 4.0 3.0 3.0 1.0 5.0 4.0 5.0 6.0 6.0 6.0 2.0 2.0 4.0 0.0 6.0 5.0 5.0 0.0 1.0 6.0 4.0 3.0 4.0 2.0 1.0 4.0 6.0
p315 3.0 6.0 1.0 3.0 5.0 3.0 4.0 5.0 3.0 1.0 4.0 6.0 3.0 5.0 1.0 0.0 4.0 0.0 6.0 3.0 4.0 1.0 2.0 0.0 0.0 6.0 4.0 1.0 4.0 4.0 1.0 1.0 2.0 4.0 5.0 4.0 4.0 0.0 6.0 3.0 5.0 2.0 2.0 3.0 5.0 2.0 0.0 6.0
p316 1.0 3.0 1.0 1.0 3.0 3.0 1.0 3.0 0.0 3.0 0.0 5.0 1.0 0.0 3.0 2.0 2.0 4.0 5.0 5.0 1.0 5.0 0.0 5.0 6.0 2.0 0.0 6.0 1.0 6.0 3.0 3.0 6.0 0.0 5.0 4.0 5.0 4.0 2.0 4.0 5.0 6.0 0.0 1.0 1.0 5.0 3.0 1.0
p317 3.0 1.0 1.0 0.0 6.0 2.0 6.0 4.0 0.0 4.0 6.0 3.0 3.0 4.0 1.0 2.0 5.0 4.0 5.0 3.0 1.0 1.0 4.0 3.0 3.0 0.0 3.0 0.0 1.0 6.0 2.0 3.0 5.0 6.0 5.0 3.0 4.0 5.0 1.0 6.0 0.0 4.0 4.0 4.0 0.0 6.0 6.0 3.0
p318 5.0 1.0 0.0 1.0 4.0 6.0 1.0 1.0 5.0 4.0 2.0 4.0 5.0 6.0 6.0 3.0 6.0 6.0 2.0 4.0 0.0 0.0 0.0 0.0 2.0 6.0 3.0 2.0 1.0 0.0 0.0 5.0 6.0 3.0 3.0 4.0 3.0 2.0 6.0 1.0 2.0 1.0 5.0 3.0 6.0 1.0 6.0 6.0
p319 2.0 6.0 3.0 0.0 4.0 5.0 5.0 3.0 6.0 4.0 3.0 2.0 5.0 5.0 0.0 4.0 0.0 2.0 2.0 3.0 0.0 2.0 5.0 4.0 4.0 5.0 0.0 2.0 1.0 5.0 2.0 5.0 1.0 4.0 1.0 1.0 4.0 4.0 3.0 3.0 0.0 4.0 6.0 0.0 6.0 4.0 3.0 4.0
p320 4.0 1.0 6.0 5.0 3.0 6.0 4.0 1.0 3.0 3.0 0.0 2.0 4.0 5.0 1.0 4.0 5.0 6.0 2.0 6.0 3.0 0.0 5.0 0.0 1.0 4.0 3.0 2.0 5.0 0.0 4.0 3.0 6.0 0.0 1.0 6.0 1.0 5.0 1.0 0.0 0.0 6.0 1.0 5.0 2.0 4.0 0.0 6.0
p321 0.0 4.0 5.0 1.0 1.0 6.0 2.0 2.0 3.0 5.0 1.0 4.0 3.0 2.0 4.0 4.0 0.0 1.0 5.0 1.0 2.0 3.0 1.0 6.0 6.0 3.0 6.0 5.0 2.0 5.0 1.0 0.0 3.0 4.0 2.0 2.0 0.0 1.0 0.0 2.0 2.0 0.0 6.0 6.0 5.0 5.0 2.0 2.0
p322 3.0 2.0 1.0 3.0 6.0 1.0 4.0 0.0 4.0 3.0 5.0 5.0 0.0 2.0 1.0 6.0 6.0 3.0 0.0 1.0 3.0 1.0 4.0 4.0 6.0 4.0 0.0 3.0 0.0 2.0 1.0 0.0 0.0 0.0 3.0 0.0 0.0 1.0 6.0 2.0 2.0 3.0 3.0 4.0 1.0 5.0 1.0 0.0
p323 1.0 1.0 5.0 4.0 0.0 5.0 3.0 3.0 6.0 5.0 6.0 0.0 1.0 0.0 0.0 6.0 6.0 4.0 0.0 2.0 6.0 1.0 0.0 3.0 3.0 5.0 2.0 1.0 0.0 0.0 5.0 5.0 4.0 5.0 1.0 6.0 6.0 1.0 0.0 6.0 6.0 4.0 2.0 1.0 1.0 6.0 2.0 0.0
p324 4.0 6.0 4.0 5.0 2.0 6.0 2.0 1.0 2.0 4.0 0.0 0.0 0.0 6.0 1.0 1.0 3.0 2.0 4.0 2.0 1.0 5.0 3.0 5.0 0.0 1.0 1.0 1.0 3.0 4.0 0.0 2.0 6.0 2.0 3.0 2.0 2.0 0.0 1.0 2.0 4.0 0.0 0.0 2.0 0.0 1.0 0.0 5.0
p325 1.0 6.0 3.0 0.0 5.0 4.0 4.0 6.0 3.0 6.0 1.0 5.0 3.0 4.0 1.0 5.0 5.0 1.0 6.0 4.0 4.0 0.0 6.0 2.0 2.0 2.0 0.0 1.0 3.0 6.0 2.0 6.0 1.0 0.0 3.0 6.0 3.0 1.0 4.0 1.0 3.0 3.0 4.0 6.0 0.0 4.0 1.0 2.0
p326 6.0 4.0 1.0 0.0 3.0 0.0 1.0 4.0 6.0 2.0 3.0 1.0 0.0 3.0 5.0 2.0 1.0 0.0 6.0 6.0 4.0 0.0 4.0 3.0 3.0 0.0 5.0 2.0 0.0 1.0 2.0 2.0 6.0 2.0 0.0 1.0 2.0 0.0 4.0 4.0 6.0 2.0 2.0 6.0 1.0 5.0 5.0 1.0
p327 4.0 3.0 1.0 3.0 1.0 3.0 1.0 1.0 2.0 0.0 5.0 0.0 5.0 6.0 1.0 5.0 4.0 2.0 5.0 2.0 6.0 6.0 4.0 3.0 2.0 5.0 0.0 1.0 4.0 4.0 1.0 5.0 4.0 4.0 2.0 3.0 4.0 2.0 3.0 2.0 5.0 5.0 4.0 0.0 2.0 0.0 0.0 1.0
p328 0.0 6.0 4.0 1.0 2.0 1.0 4.0 3.0 0.0 6.0 6.0 3.0 4.0 3.0 1.0 2.0 2.0 6.0 1.0 0.0 2.0 5.0 4.0 5.0 6.0 3.0 0.0 2.0 0.0 0.0 4.0 2.0 0.0 1.0 3.0 2.0 0.0 1.0 1.0 2.0 2.0 1.0 1.0 3.0 6.0 5.0 0.0 5.0
p329 1.0 5.0 4.0 3.0 5.0 4.0 2.0 5.0 2.0 1.0 0.0 4.0 5.0 2.0 3.0 0.0 3.0 4.0 0.0 2.0 6.0 0.0 0.0 0.0 4.0 1.0 1.0 1.0 5.0 3.0 4.0 0.0 0.0 5.0 4.0 6.0 4.0 0.0 4.0 3.0 2.0 6.0 0.0 2.0 4.0 5.0 0.0 2.0
p330 5.0 3.0 5.0 5.0 6.0 3.0 1.0 1.0 0.0 4.0 4.0 3.0 5.0 5.0 6.0 2.0 4.0 3.0 2.0 0.0 1.0 5.0 3.0 1.0 4.0 2.0 1.0 1.0 3.0 1.0 3.0 0.0 5.0 3.0 3.0 4.0 1.0 6.0 1.0 2.0 4.0 6.0 0.0 4.0 0.0 0.0 4.0 1.0
p331 6.0 0.0 0.0 2.0 0.0 1.0 2.0 2.0 1.0 0.0 4.0 0.0 3.0 0.0 2.0 6.0 4.0 2.0 6.0 6.0 2.0 0.0 3.0 0.0 5.0 3.0 5.0 2.0 6.0 6.0 1.0 0.0 1.0 3.0 5.0 0.0 0.0 4.0 3.0 0.0 6.0 1.0 4.0 5.0 2.0 4.0 3.0 1.0
p332 3.0 3.0 1.0 0.0 1.0 3.0 2.0 4.0 4.0 0.0 1.0 4.0 6.0 0.0 3.0 6.0 3.0 3.0 5.0 3.0 4.0 6.0 0.0 2.0 6.0 1.0 5.0 5.0 2.0 5.0 2.0 0.0 2.0 0.0 1.0 2.0 1.0 0.0 2.0 4.0 1.0 3.0 6.0 3.0 2.0 4.0 1.0 2.0
p333 5.0 0.0 0.0 5.0 4.0 2.0 1.0 3.0 2.0 0.0 3.0 2.0 0.0 1.0 6.0 6.0 4.0 5.0 0.0 6.0 2.0 3.0 1.0 0.0 6.0 2.0 1.0 0.0 1.0 1.0 6.0 4.0 5.0 0.0 4.0 3.0 3.0 6.0 4.0 3.0 6.0 5.0 1.0 4.0 2.0 0.0 0.0 4.0
p334 2.0 6.0 1.0 4.0 5.0 6.0 3.0 4.0 1.0 3.0 3.0 0.0 0.0 2.0 4.0 0.0 5.0 6.0 4.0 5.0 4.0 0.0 0.0 4.0 1.0 3.0 1.0 3.0 2.0 0.0 1.0 3.0 4.0 6.0 3.0 2.0 2.0 6.0 6.0 6.0 5.0 2.0 1.0 3.0 2.0 2.0 0.0 5.0
p335 1.0 1.0 3.0 2.0 5.0 5.0 5.0 5.0 5.0 5.0 6.0 2.0 1.0 4.0 2.0 2.0 6.0 4.0 2.0 1.0 5.0 5.0 2.0 6.0 2.0 2.0 1.0 6.0 4.0 2.0 4.0 0.0 3.0 1.0 2.0 5.0 1.0 5.0 0.0 1.0 4.0 1.0 5.0 0.0 5.0 2.0 1.0 0.0
p336 1.0 6.0 5.0 4.0 6.0 6.0 2.0 0.0 6.0 2.0 3.0 1.0 3.0 0.0 0.0 1.0 6.0 0.0 1.0 1.0 0.0 0.0 0.0 5.0 4.0 6.0 5.0 2.0 0.0 4.0 4.0 2.0 5.0 3.0 3.0 6.0 5.0 5.0 3.0 3.0 2.0 0.0 0.0 1.0 6.0 6.0 6.0 3.0
p337 1.0 1.0 1.0 1.0 5.0 2.0 0.0 5.0 4.0 4.0 5.0 4.0 0.0 6.0 4.0 2.0 0.0 0.0 3.0 6.0 1.0 4.0 4.0 4.0 2.0 0.0 0.0 5.0 2.0 3.0 3.0 3.0 2.0 3.0 5.0 1.0 1.0 6.0 6.0 5.0 0.0 0.0 0.0 2.0 1.0 2.0 2.0 0.0
p338 2.0 4.0 1.0 6.0 2.0 4.0 5.0 3.0 1.0 6.0 1.0 4.0 2.0 5.0 1.0 0.0 1.0 0.0 4.0 3.0 4.0 5.0 1.0 4.0 2.0 3.0 4.0 6.0 2.0 5.0 1.0 4.0 0.0 6.0 2.0 1.0 2.0 4.0 5.0 6.0 3.0 4.0 4.0 5.0 1.0 3.0 6.0 6.0
p339 5.0 5.0 2.0 5.0 6.0 1.0 2.0 1.0 0.0 6.0 3.0 5.0 2.0 0.0 6.0 2.0 3.0 1.0 3.0 0.0 1.0 2.0 4.0 3.0 5.0 2.0 0.0 6.0 3.0 1.0 2.0 4.0 4.0 1.0 2.0 0.0 3.0 1.0 6.0 1.0 2.0 2.0 6.0 4.0 5.0 2.0 2.0 0.0
p340 5.0 3.0 2.0 1.0 0.0 3.0 5.0 6.0 0.0 5.0 3.0 1.0 2.0 2.0 4.0 6.0 0.0 1.0 3.0 5.0 3.0 2.0 3.0 4.0 2.0 1.0 1.0 3.0 5.0 3.0 1.0 5.0 6.0 3.0 1.0 6.0 0.0 5.0 2.0 0.0 0.0 0.0 2.0 0.0 2.0 1.0 1.0 1.0
p341 6.0 1.0 2.0 5.0 2.0 1.0 3.0 2.0 3.0 3.0 0.0 3.0 3.0 2.0 2.0 3.0 4.0 0.0 3.0 1.0 0.0 0.0 0.0 0.0 1.0 0.0 0.0 5.0 3.0 4.0 1.0 3.0 2.0 3.0 1.0 5.0 3.0 3.0 3.0 4.0 5.0 2.0 5.0 3.0 1.0 4.0 1.0 1.0
p342 5.0 0.0 0.0 5.0 4.0 0.0 6.0 3.0 3.0 3.0 4.0 1.0 2.0 3.0 3.0 2.0 1.0 2.0 2.0 3.0 6.0 6.0 4.0 3.0 1.0 6.0 4.0 2.0 6.0 1.0 6.0 2.0 3.0 1.0 0.0 0.0 6.0 6.0 4.0 3.0 5.0 3.0 2.0 2.0 0.0 2.0 6.0 6.0
p343 0.0 0.0 3.0 6.0 2.0 5.0 5.0 2.0 3.0 6.0 0.0 6.0 3.0 6.0 4.0 3.0 3.0 0.0 2.0 5.0 1.0 1.0 5.0 0.0 4.0 2.0 2.0 4.0 0.0 6.0 3.0 2.0 0.0 6.0 3.0 6.0 6.0 1.0 0.0 0.0 5.0 1.0 5.0 4.0 4.0 6.0 3.0 3.0
p344 6.0 6.0 4.0 0.0 1.0 0.0 0.0 6.0 4.0 1.0 6.0 3.0 3.0 0.0 6.0 3.0 0.0 3.0 6.0 3.0 0.0 6.0 6.0 0.0 5.0 0.0 3.0 6.0 6.0 2.0 2.0 0.0 5.0 5.0 0.0 2.0 3.0 1.0 6.0 1.0 6.0 6.0 2.0 3.0 3.0 1.0 5.0 2.0
p345 3.0 2.0 1.0 5.0 5.0 2.0 3.0 2.0 3.0 1.0 1.0 5.0 0.0 0.0 1.0 5.0 2.0 6.0 1.0 3.0 2.0 1.0 1.0 3.0 2.0 4.0 0.0 3.0 5.0 6.0 6.0 3.0 3.0 5.0 6.0 1.0 5.0 1.0 0.0 0.0 3.0 1.0 1.0 2.0 5.0 5.0 3.0 1.0
p346 1.0 4.0 4.0 2.0 2.0 6.0 5.0 5.0 1.0 0.0 2.0 2.0 2.0 0.0 1.0 0.0 0.0 1.0 4.0 0.0 3.0 0.0 4.0 0.0 1.0 4.0 0.0 3.0 5.0 0.0 3.0 3.0 0.0 1.0 2.0 2.0 5.0 1.0 0.0 2.0 3.0 5.0 0.0 1.0 2.0 6.0 2.0 0.0
p347 0.0 0.0 0.0 0.0 3.0 6.0 4.0 2.0 0.0 1.0 0.0 0.0 1.0 1.0 3.0 0.0 4.0 6.0 4.0 0.0 5.0 0.0 5.0 6.0 4.0 2.0 5.0 4.0 5.0 1.0 5.0 3.0 1.0 1.0 0.0 6.0 1.0 2.0 0.0 5.0 3.0 2.0 2.0 2.0 0.0 3.0 1.0 2.0
p348 1.0 4.0 2.0 1.0 2.0 6.0 0.0 3.0 4.0 2.0 1.0 6.0 0.0 1.0 2.0 3.0 2.0 2.0 1.0 4.0 6.0 3.0 6.0 2.0 6.0 6.0 1.0 2.0 4.0 1.0 2.0 6.0 6.0 5.0 3.0 0.0 0.0 6.0 1.0 2.0 2.0 1.0 0.0 6.0 4.0 2.0 2.0 3.0
p349 2.0 6.0 5.0 1.0 3.0 4.0 5.0 2.0 6.0 1.0 1.0 0.0 3.0 1.0 1.0 0.0 6.0 5.0 3.0 2.0 6.0 1.0 5.0 3.0 2.0 0.0 3.0 2.0 3.0 1.0 1.0 1.0 4.0 2.0 5.0 0.0 2.0 2.0 1.0 0.0 4.0 3.0 4.0 3.0 4.0 4.0 5.0 2.0
p350 2.0 4.0 2.0 1.0 0.0 2.0 2.0 3.0 6.0 4.0 3.0 4.0 1.0 4.0 5.0 0.0 0.0 4.0 6.0 1.0 2.0 1.0 4.0 4.0 2.0 0.0 5.0 5.0 4.0 3.0 6.0 6.0 3.0 1.0 3.0 4.0 5.0 5.0 4.0 0.0 0.0 0.0 5.0 2.0 1.0 0.0 5.0 1.0
p351 4.0 4.0 1.0 1.0 1.0 5.0 0.0 2.0 4.0 4.0 4.0 2.0 2.0 6.0 0.0 0.0 0.0 0.0 6.0 4.0 5.0 1.0 4.0 5.0 4.0 3.0 3.0 3.0 6.0 4.0 6.0 2.0 2.0 0.0 6.0 5.0 3.0 1.0 2.0 6.0 6.0 4.0 0.0 0.0 0.0 0.0 4.0 2.0
p352 3.0 5.0 6.0 2.0 4.0 6.0 0.0 3.0 1.0 5.0 5.0 0.0 3.0 3.0 0.0 4.0 0.0 4.0 3.0 1.0 1.0 5.0 4.0 4.0 5.0 2.0 2.0 0.0 0.0 5.0 1.0 1.0 3.0 3.0 6.0 1.0 2.0 2.0 6.0 0.0 1.0 1.0 5.0 2.0 1.0 5.0 2.0 4.0
p353 3.0 0.0 1.0 6.0 6.0 2.0 0.0 2.0 6.0 1.0 1.0 4.0 0.0 3.0 3.0 6.0 2.0 3.0 6.0 6.0 3.0 2.0 3.0 6.0 6.0 3.0 0.0 5.0 2.0 3.0 6.0 4.0 2.0 0.0 6.0 5.0 3.0 4.0 1.0 1.0 4.0 3.0 1.0 0.0 0.0 2.0 4.0 0.0
p354 4.0 1.0 0.0 6.0 3.0 0.0 6.0 6.0 6.0 4.0 1.0 2.0 4.0 5.0 3.0 3.0 4.0 5.0 1.0 6.0 5.0 4.0 1.0 5.0 3.0 4.0 4.0 4.0 4.0 6.0 5.0 2.0 2.0 4.0 1.0 2.0 1.0 5.0 3.0 2.0 0.0 2.0 6.0 4.0 6.0 0.0 4.0 5.0
p355 0.0 4.0 0.0 6.0 1.0 0.0 6.0 1.0 0.0 2.0 1.0 0.0 5.0 2.0 3.0 0.0 5.0 1.0 4.0 3.0 4.0 6.0 2.0 5.0 5.0 6.0 0.0 2.0 3.0 4.0 4.0 6.0 0.0 1.0 2.0 4.0 4.0 1.0 3.0 4.0 2.0 0.0 0.0 6.0 0.0 6.0 4.0 3.0
p356 2.0 1.0 1.0 0.0 2.0 6.0 1.0 3.0 3.0 2.0 4.0 2.0 2.0 0.0 3.0 1.0 0.0 5.0 4.0 6.0 1.0 6.0 3.0 6.0 3.0 6.0 0.0 6.0 6.0 3.0 5.0 1.0 3.0 1.0 1.0 2.0 2.0 5.0 4.0 6.0 0.0 3.0 5.0 1.0 2.0 5.0 5.0 0.0
p357 0.0 3.0 3.0 3.0 0.0 6.0 0.0 4.0 5.0 2.0 6.0 0.0 3.0 1.0 4.0 0.0 1.0 3.0 0.0 1.0 4.0 0.0 1.0 1.0 1.0 2.0 1.0 3.0 1.0 2.0 1.0 2.0 4.0 3.0 4.0 3.0 1.0 0.0 1.0 4.0 3.0 4.0 0.0 3.0 3.0 5.0 2.0 5.0
p358 6.0 6.0 2.0 1.0 0.0 4.0 2.0 3.0 4.0 3.0 1.0 3.0 3.0 3.0 1.0 0.0 1.0 6.0 5.0 6.0 4.0 5.0 6.0 0.0 5.0 0.0 5.0 0.0 1.0 0.0 3.0 0.0 3.0 6.0 5.0 1.0 1.0 1.0 0.0 3.0 1.0 4.0 6.0 5.0 5.0 6.0 4.0 3.0
p359 3.0 4.0 5.0 4.0 4.0 2.0 0.0 3.0 3.0 3.0 0.0 6.0 2.0 1.0 1.0 3.0 2.0 1.0 0.0 2.0 6.0 4.0 3.0 0.0 0.0 1.0 4.0 1.0 2.0 1.0 5.0 3.0 6.0 0.0 4.0 3.0 3.0 0.0 5.0 5.0 3.0 0.0 1.0 3.0 2.0 4.0 2.0 3.0
p360 2.0 3.0 2.0 2.0 6.0 2.0 4.0 3.0 0.0 3.0 1.0 3.0 5.0 3.0 0.0 1.0 2.0 6.0 1.0 2.0 1.0 5.0 1.0 3.0 4.0 3.0 4.0 0.0 2.0 3.0 3.0 4.0 2.0 0.0 6.0 2.0 2.0 4.0 6.0 3.0 3.0 3.0 1.0 3.0 4.0 1.0 3.0 6.0
p361 0.0 4.0 3.0 1.0 5.0 3.0 4.0 2.0 1.0 4.0 6.0 0.0 1.0 3.0 1.0 5.0 5.0 2.0 1.0 0.0 0.0 4.0 4.0 4.0 5.0 4.0 6.0 2.0 1.0 3.0 0.0 5.0 4.0 1.0 2.0 0.0 2.0 6.0 1.0 0.0 0.0 3.0 4.0 0.0 0.0 1.0 5.0 6.0
p362 0.0 0.0 2.0 6.0 5.0 2.0 5.0 2.0 6.0 5.0 1.0 5.0 5.0 1.0 2.0 6.0 4.0 2.0 4.0 4.0 1.0 5.0 3.0 2.0 6.0 6.0 0.0 6.0 6.0 4.0 4.0 0.0 0.0 6.0 1.0 3.0 5.0 0.0 2.0 0.0 3.0 4.0 2.0 1.0 2.0 4.0 2.0 5.0
p363 0.0 5.0 0.0 1.0 0.0 1.0 5.0 2.0 5.0 2.0 4.0 6.0 2.0 5.0 0.0 0.0 6.0 3.0 0.0 6.0 2.0 2.0 3.0 5.0 3.0 3.0 1.0 1.0 6.0 1.0 6.0 4.0 2.0 4.0 1.0 0.0 2.0 4.0 2.0 3.0 1.0 0.0 3.0 1.0 2.0 3.0 2.0 1.0
p364 1.0 4.0 3.0 2.0 1.0 0.0 6.0 5.0 1.0 4.0 3.0 4.0 3.0 5.0 4.0 1.0 2.0 3.0 2.0 0.0 0.0 2.0 4.0 3.0 0.0 5.0 4.0 1.0 4.0 6.0 3.0 4.0 2.0 6.0 1.0 2.0 3.0 6.0 3.0 3.0 5.0 3.0 1.0 4.0 2.0 0.0 4.0 3.0
p365 5.0 3.0 2.0 0.0 4.0 2.0 1.0 0.0 3.0 4.0 4.0 5.0 3.0 0.0 0.0 2.0 2.0 2.0 0.0 5.0 2.0 3.0 5.0 3.0 6.0 1.0 2.0 1.0 1.0 0.0 5.0 2.0 0.0 4.0 4.0 5.0 2.0 4.0 5.0 6.0 2.0 0.0 2.0 5.0 1.0 1.0 0.0 2.0
p366 2.0 4.0 1.0 2.0 5.0 1.0 6.0 6.0 6.0 0.0 2.0 2.0 0.0 2.0 5.0 0.0 2.0 1.0 6.0 2.0 1.0 0.0 0.0 3.0 0.0 1.0 0.0 2.0 4.0 1.0 4.0 5.0 6.0 6.0 4.0 0.0 1.0 3.0 0.0 4.0 4.0 2.0 0.0 6.0 5.0 4.0 6.0 1.0
p367 5.0 3.0 5.0 2.0 5.0 6.0 0.0 1.0 6.0 6.0 1.0 1.0 3.0 1.0 6.0 2.0 3.0 1.0 5.0 1.0 1.0 5.0 4.0 3.0 0.0 3.0 2.0 5.0 1.0 3.0 1.0 4.0 6.0 3.0 4.0 4.0 4.0 1.0 0.0 2.0 3.0 2.0 6.0 5.0 6.0 0.0 5.0 0.0
p368 3.0 3.0 3.0 0.0 2.0 5.0 0.0 3.0 4.0 2.0 0.0 4.0 4.0 0.0 1.0 1.0 0.0 4.0 4.0 1.0 2.0 2.0 4.0 5.0 1.0 5.0 0.0 1.0 6.0 6.0 0.0 4.0 5.0 0.0 4.0 1.0 4.0 4.0 1.0 4.0 1.0 0.0 1.0 1.0 5.0 4.0 6.0 3.0
p369 2.0 1.0 5.0 2.0 0.0 6.0 1.0 3.0 5.0 6.0 4.0 6.0 3.0 5.0 0.0 3.0 0.0 0.0 3.0 1.0 4.0 2.0 1.0 1.0 4.0 3.0 5.0 6.0 2.0 0.0 1.0 5.0 6.0 0.0 3.0 2.0 4.0 4.0 0.0 2.0 4.0 2.0 3.0 1.0 1.0 3.0 1.0 2.0
p370 4.0 3.0 1.0 5.0 5.0 2.0 2.0 4.0 6.0 2.0 2.0 1.0 1.0 2.0 2.0 0.0 1.0 2.0 1.0 5.0 3.0 6.0 5.0 3.0 1.0 4.0 1.0 3.0 1.0 5.0 0.0 4.0 1.0 3.0 0.0 6.0 0.0 1.0 6.0 3.0 3.0 2.0 0.0 1.0 2.0 0.0 2.0 1.0
p371 2.0 0.0 2.0 5.0 6.0 3.0 1.0 6.0 2.0 3.0 4.0 1.0 2.0 3.0 4.0 1.0 4.0 5.0 0.0 6.0 1.0 6.0 3.0 1.0 5.0 6.0 3.0 2.0 2.0 0.0 3.0 1.0 4.0 2.0 1.0 2.0 4.0 0.0 0.0 0.0 2.0 0.0 6.0 2.0 5.0 2.0 2.0 5.0
p372 2.0 3.0 1.0 3.0 3.0 6.0 1.0 3.0 1.0 5.0 0.0 1.0 1.0 2.0 1.0 6.0 5.0 2.0 0.0 5.0 2.0 0.0 2.0 1.0 1.0 5.0 0.0 4.0 0.0 3.0 1.0 6.0 6.0 3.0 1.0 1.0 4.0 1.0 0.0 0.0 2.0 2.0 0.0 2.0 4.0 1.0 0.0 0.0
p373 2.0 1.0 4.0 2.0 5.0 0.0 4.0 6.0 2.0 3.0 0.0 4.0 6.0 3.0 3.0 3.0 5.0 2.0 1.0 3.0 5.0 1.0 3.0 2.0 0.0 4.0 1.0 2.0 0.0 4.0 5.0 3.0 0.0 6.0 5.0 0.0 0.0 5.0 0.0 0.0 1.0 0.0 2.0 4.0 0.0 2.0 2.0 0.0
p374 0.0 0.0 4.0 1.0 4.0 0.0 0.0 3.0 0.0 6.0 6.0 2.0 3.0 6.0 2.0 6.0 3.0 1.0 2.0 3.0 3.0 5.0 0.0 5.0 2.0 0.0 5.0 0.0 0.0 0.0 0.0 2.0 0.0 4.0 3.0 3.0 1.0 6.0 5.0 5.0 1.0 0.0 3.0 3.0 1.0 0.0 4.0 0.0
p375 3.0 0.0 6.0 4.0 4.0 1.0 3.0 6.0 1.0 6.0 6.0 3.0 0.0 0.0 2.0 0.0 2.0 1.0 2.0 5.0 2.0 1.0 0.0 6.0 1.0 5.0 3.0 2.0 4.0 5.0 6.0 1.0 1.0 0.0 4.0 4.0 1.0 5.0 3.0 0.0 2.0 2.0 2.0 5.0 5.0 0.0 5.0 2.0
p376 4.0 2.0 0.0 4.0 5.0 2.0 3.0 6.0 6.0 6.0 5.0 3.0 3.0 0.0 3.0 2.0 0.0 6.0 3.0 4.0 3.0 3.0 0.0 2.0 4.0 0.0 4.0 1.0 6.0 6.0 0.0 6.0 1.0 2.0 4.0 1.0 2.0 3.0 3.0 5.0 5.0 4.0 5.0 0.0 2.0 4.0 5.0 1.0
p377 0.0 3.0 6.0 3.0 0.0 1.0 4.0 2.0 5.0 3.0 0.0 2.0 1.0 3.0 2.0 2.0 4.0 1.0 1.0 1.0 3.0 6.0 0.0 5.0 6.0 0.0 1.0 4.0 1.0 3.0 3.0 6.0 2.0 4.0 1.0 4.0 6.0 5.0 3.0 0.0 2.0 3.0 2.0 2.0 6.0 2.0 1.0 5.0
p378 5.0 2.0 6.0 3.0 2.0 5.0 2.0 4.0 3.0 5.0 0.0 4.0 6.0 2.0 0.0 5.0 4.0 3.0 2.0 1.0 3.0 4.0 4.0 2.0 0.0 0.0 2.0 2.0 2.0 1.0 3.0 1.0 3.0 4.0 0.0 3.0 2.0 6.0 3.0 4.0 2.0 6.0 2.0 0.0 1.0 0.0 1.0 5.0
p379 5.0 2.0 3.0 3.0 4.0 2.0 2.0 6.0 1.0 3.0 0.0 5.0 1.0 2.0 3.0 0.0 2.0 5.0 6.0 3.0 3.0 3.0 1.0 6.0 2.0 4.0 6.0 5.0 2.0 1.0 6.0 0.0 3.0 4.0 0.0 2.0 6.0 2.0 5.0 2.0 4.0 3.0 4.0 0.0 4.0 2.0 5.0 6.0
p380 1.0 0.0 3.0 1.0 0.0 1.0 2.0 2.0 1.0 3.0 6.0 2.0 0.0 2.0 2.0 6.0 1.0 3.0 1.0 0.0 1.0 1.0 5.0 1.0 0.0 6.0 0.0 1.0 6.0 5.0 4.0 1.0 6.0 3.0 1.0 5.0 5.0 2.0 4.0 0.0 0.0 3.0 1.0 1.0 2.0 3.0 1.0 3.0
p381 5.0 5.0 3.0 6.0 2.0 3.0 3.0 1.0 1.0 1.0 2.0 0.0 6.0 2.0 3.0 3.0 2.0 5.0 4.0 2.0 4.0 2.0 5.0 0.0 1.0 2.0 4.0 3.0 3.0 5.0 3.0 1.0 2.0 4.0 6.0 2.0 3.0 4.0 4.0 4.0 0.0 0.0 6.0 0.0 4.0 0.0 0.0 6.0
p382 4.0 2.0 5.0 6.0 2.0 0.0 6.0 5.0 1.0 4.0 5.0 5.0 5.0 3.0 0.0 4.0 0.0 2.0 2.0 2.0 0.0 4.0 4.0 5.0 2.0 6.0 2.0 0.0 6.0 1.0 0.0 4.0 0.0 1.0 6.0 2.0 4.0 1.0 1.0 1.0 6.0 1.0 0.0 2.0 5.0 1.0 4.0 3.0
p383 1.0 1.0 0.0 2.0 6.0 2.0 2.0 3.0 4.0 6.0 5.0 1.0 3.0 0.0 4.0 4.0 6.0 4.0 2.0 2.0 3.0 3.0 5.0 4.0 6.0 1.0 5.0 5.0 0.0 3.0 2.0 1.0 3.0 4.0 1.0 4.0 0.0 6.0 0.0 3.0 4.0 2.0 4.0 6.0 2.0 4.0 5.0 6.0
p384 0.0 5.0 0.0 0.0 5.0 2.0 6.0 3.0 2.0 6.0 4.0 2.0 6.0 1.0 5.0 2.0 1.0 0.0 1.0 1.0 3.0 0.0 3.0 6.0 6.0 6.0 1.0 1.0 3.0 3.0 4.0 6.0 0.0 2.0 1.0 4.0 1.0 3.0 6.0 6.0 3.0 4.0 0.0 0.0 2.0 2.0 1.0 4.0
p385 3.0 0.0 1.0 5.0 1.0 5.0 0.0 3.0 4.0 2.0 0.0 3.0 0.0 2.0 6.0 6.0 5.0 1.0 0.0 6.0 3.0 4.0 2.0 6.0 3.0 4.0 4.0 6.0 5.0 2.0 2.0 1.0 2.0 3.0 3.0 3.0 5.0 0.0 5.0 1.0 4.0 0.0 6.0 5.0 1.0 2.0 6.0 1.0
p386 1.0 5.0 2.0 4.0 2.0 2.0 1.0 6.0 0.0 1.0 5.0 2.0 5.0 0.0 4.0 6.0 6.0 1.0 4.0 1.0 5.0 4.0 3.0 1.0 5.0 6.0 1.0 2.0 1.0 2.0 4.0 4.0 5.0 4.0 1.0 4.0 4.0 6.0 5.0 3.0 2.0 6.0 6.0 5.0 1.0 6.0 2.0 1.0
p387 5.0 0.0 5.0 3.0 2.0 0.0 5.0 2.0 1.0 1.0 5.0 2.0 5.0 5.0 3.0 5.0 5.0 0.0 6.0 0.0 1.0 3.0 5.0 1.0 0.0 1.0 0.0 2.0 5.0 1.0 3.0 6.0 6.0 3.0 0.0 2.0 3.0 2.0 3.0 3.0 5.0 5.0 3.0 3.0 6.0 0.0 5.0 0.0
p388 0.0 2.0 0.0 4.0 2.0 4.0 1.0 4.0 5.0 2.0 6.0 3.0 1.0 2.0 0.0 3.0 4.0 0.0 0.0 0.0 0.0 6.0 5.0 2.0 0.0 5.0 0.0 0.0 2.0 3.0 2.0 6.0 3.0 5.0 1.0 0.0 5.0 3.0 1.0 3.0 1.0 5.0 2.0 0.0 3.0 4.0 3.0 4.0
p389 6.0 0.0 4.0 3.0 3.0 2.0 4.0 4.0 0.0 2.0 2.0 3.0 1.0 0.0 1.0 2.0 4.0 2.0 4.0 2.0 4.0 6.0 2.0 1.0 3.0 6.0 0.0 0.0 1.0 0.0 6.0 6.0 2.0 1.0 5.0 4.0 0.0 2.0 5.0 5.0 1.0 0.0 4.0 1.0 1.0 4.0 6.0 2.0
p390 6.0 5.0 5.0 2.0 4.0 1.0 2.0 2.0 6.0 0.0 6.0 3.0 4.0 6.0 1.0 5.0 6.0 1.0 1.0 6.0 4.0 2.0 2.0 2.0 1.0 1.0 4.0 0.0 1.0 0.0 4.0 3.0 4.0 4.0 0.0 5.0 4.0 0.0 3.0 0.0 3.0 1.0 6.0 0.0 5.0 5.0 2.0 6.0
p391 4.0 4.0 4.0 4.0 6.0 0.0 6.0 3.0 1.0 4.0 3.0 2.0 3.0 6.0 2.0 3.0 1.0 3.0 6.0 2.0 6.0 3.0 5.0 2.0 3.0 0.0 2.0 2.0 2.0 0.0 5.0 1.0 6.0 2.0 6.0 0.0 2.0 6.0 5.0 2.0 0.0 3.0 5.0 5.0 1.0 2.0 5.0 6.0
p392 2.0 2.0 1.0 4.0 5.0 5.0 1.0 6.0 6.0 2.0 1.0 0.0 2.0 0.0 2.0 1.0 2.0 2.0 1.0 5.0 0.0 0.0 2.0 2.0 2.0 5.0 0.0 4.0 2.0 0.0 6.0 4.0 5.0 3.0 1.0 4.0 5.0 3.0 4.0 6.0 0.0 1.0 5.0 0.0 0.0 5.0 0.0 5.0
p393 4.0 0.0 3.0 4.0 2.0 4.0 4.0 4.0 5.0 3.0 6.0 3.0 0.0 5.0 1.0 2.0 4.0 4.0 2.0 5.0 2.0 2.0 0.0 0.0 0.0 0.0 4.0 3.0 6.0 4.0 3.0 0.0 2.0 2.0 1.0 0.0 0.0 1.0 0.0 2.0 4.0 1.0 3.0 3.0 2.0 2.0 1.0 3.0
p394 1.0 3.0 0.0 5.0 3.0 5.0 6.0 6.0 5.0 0.0 0.0 4.0 5.0 5.0 3.0 0.0 4.0 1.0 1.0 4.0 2.0 6.0 4.0 1.0 2.0 5.0 3.0 2.0 2.0 4.0 5.0 6.0 0.0 6.0 2.0 2.0 0.0 0.0 4.0 1.0 6.0 5.0 6.0 3.0 0.0 5.0 4.0 1.0
p395 6.0 3.0 2.0 5.0 3.0 3.0 0.0 5.0 3.0 0.0 3.0 1.0 1.0 5.0 3.0 2.0 0.0 4.0 3.0 3.0 3.0 4.0 2.0 6.0 2.0 1.0 6.0 1.0 1.0 5.0 5.0 3.0 0.0 5.0 5.0 0.0 2.0 6.0 1.0 1.0 2.0 0.0 1.0 1.0 6.0 2.0 4.0 1.0
p396 3.0 1.0 5.0 1.0 2.0 2.0 5.0 1.0 3.0 6.0 1.0 1.0 1.0 1.0 2.0 6.0 0.0 3.0 2.0 5.0 5.0 6.0 3.0 0.0 3.0 0.0 5.0 5.0 3.0 0.0 0.0 5.0 1.0 1.0 6.0 5.0 0.0 5.0 3.0 2.0 1.0 6.0 5.0 0.0 2.0 2.0 2.0 0.0
p397 4.0 0.0 4.0 3.0 4.0 3.0 1.0 4.0 0.0 4.0 6.0 4.0 2.0 1.0 1.0 4.0 0.0 4.0 2.0 3.0 4.0 1.0 2.0 0.0 6.0 1.0 5.0 4.0 5.0 4.0 2.0 2.0 2.0 0.0 6.0 6.0 5.0 6.0 3.0 3.0 5.0 0.0 1.0 1.0 0.0 0.0 6.0 2.0
p398 5.0 2.0 5.0 1.0 2.0 6.0 5.0 6.0 2.0 0.0 0.0 2.0 6.0 0.0 6.0 2.0 1.0 6.0 0.0 6.0 4.0 3.0 0.0 2.0 6.0 4.0 2.0 4.0 2.0 0.0 0.0 4.0 3.0 1.0 0.0 5.0 3.0 3.0 1.0 3.0 6.0 0.0 1.0 3.0 1.0 6.0 1.0 6.0
p399 0.0 2.0 5.0 2.0 3.0 4.0 0.0 4.0 2.0 0.0 3.0 3.0 6.0 0.0 4.0 3.0 0.0 5.0 5.0 2.0 2.0 6.0 0.0 3.0 1.0 1.0 2.0 6.0 0.0 3.0 6.0 3.0 4.0 0.0 0.0 0.0 4.0 1.0 0.0 2.0 4.0 3.0 0.0 2.0 6.0 0.0 5.0 5.0
p400 5.0 5.0 6.0 5.0 6.0 2.0 3.0 0.0 5.0 1.0 1.0 5.0 6.0 4.0 5.0 0.0 3.0 6.0 0.0 6.0 5.0 1.0 4.0 1.0 6.0 1.0 1.0 2.0 6.0 2.0 1.0 1.0 3.0 3.0 5.0 1.0 3.0 2.0 1.0 0.0 1.0 6.0 6.0 1.0 4.0 2.0 1.0 4.0
p401 1.0 1.0 6.0 0.0 2.0 1.0 0.0 0.0 5.0 2.0 3.0 0.0 5.0 6.0 4.0 2.0 0.0 6.0 2.0 0.0 6.0 3.0 4.0 4.0 3.0 1.0 6.0 6.0 0.0 5.0 3.0 3.0 0.0 3.0 2.0 2.0 2.0 0.0 5.0 0.0 2.0 1.0 3.0 4.0 2.0 1.0 6.0 0.0
p402 1.0 1.0 5.0 5.0 6.0 1.0 2.0 0.0 3.0 1.0 3.0 1.0 2.0 2.0 3.0 6.0 4.0 0.0 4.0 0.0 1.0 0.0 5.0 4.0 6.0 6.0 1.0 6.0 1.0 4.0 1.0 5.0 2.0 3.0 0.0 0.0 5.0 2.0 5.0 2.0 2.0 0.0 3.0 1.0 3.0 5.0 5.0 0.0
p403 6.0 5.0 3.0 3.0 2.0 4.0 4.0 4.0 3.0 0.0 0.0 0.0 3.0 0.0 2.0 1.0 2.0 1.0 1.0 2.0 2.0 3.0 2.0 0.0 5.0 5.0 2.0 4.0 0.0 1.0 2.0 0.0 4.0 1.0 5.0 3.0 2.0 6.0 5.0 5.0 2.0 2.0 6.0 5.0 4.0 1.0 6.0 1.0
p404 1.0 5.0 6.0 0.0 1.0 0.0 6.0 2.0 2.0 3.0 6.0 2.0 1.0 4.0 0.0 6.0 4.0 4.0 6.0 5.0 4.0 0.0 1.0 6.0 0.0 6.0 2.0 4.0 3.0 3.0 4.0 3.0 0.0 2.0 0.0 3.0 3.0 4.0 0.0 1.0 1.0 4.0 5.0 6.0 4.0 5.0 2.0 0.0
p405 6.0 3.0 1.0 3.0 5.0 6.0 2.0 4.0 3.0 1.0 4.0 5.0 4.0 5.0 3.0 3.0 2.0 3.0 0.0 0.0 6.0 4.0 6.0 4.0 2.0 0.0 3.0 3.0 1.0 4.0 3.0 3.0 1.0 0.0 1.0 2.0 5.0 3.0 2.0 1.0 2.0 1.0 3.0 3.0 1.0 1.0 2.0 1.0
p406 6.0 6.0 3.0 1.0 1.0 4.0 1.0 2.0 4.0 3.0 6.0 4.0 0.0 0.0 1.0 2.0 4.0 6.0 5.0 1.0 5.0 2.0 2.0 1.0 2.0 1.0 6.0 4.0 1.0 2.0 5.0 2.0 0.0 1.0 6.0 1.0 1.0 6.0 1.0 6.0 0.0 0.0 5.0 0.0 2.0 2.0 0.0 3.0
p407 2.0 3.0 5.0 3.0 1.0 0.0 2.0 1.0 2.0 3.0 5.0 4.0 0.0 4.0 0.0 5.0 3.0 5.0 1.0 5.0 1.0 5.0 1.0 3.0 4.0 5.0 2.0 4.0 4.0 2.0 0.0 3.0 1.0 6.0 6.0 0.0 0.0 0.0 0.0 4.0 0.0 6.0 6.0 5.0 2.0 6.0 4.0 0.0
p408 1.0 6.0 4.0 3.0 4.0 5.0 0.0 2.0 5.0 6.0 5.0 0.0 6.0 1.0 1.0 0.0 2.0 1.0 2.0 1.0 5.0 6.0 0.0 0.0 3.0 3.0 5.0 6.0 0.0 6.0 5.0 4.0 1.0 4.0 2.0 1.0 1.0 4.0 6.0 2.0 2.0 0.0 5.0 6.0 3.0 0.0 6.0 1.0
p409 0.0 2.0 1.0 1.0 5.0 0.0 4.0 4.0 2.0 6.0 5.0 4.0 3.0 2.0 3.0 4.0 4.0 3.0 3.0 2.0 5.0 3.0 1.0 3.0 6.0 5.0 2.0 5.0 0.0 3.0 4.0 2.0 5.0 2.0 3.0 0.0 0.0 0.0 5.0 2.0 4.0 0.0 5.0 5.0 1.0 0.0 1.0 5.0
p410 4.0 2.0 2.0 0.0 4.0 3.0 0.0 6.0 4.0 2.0 3.0 2.0 1.0 4.0 1.0 4.0 3.0 0.0 2.0 3.0 2.0 2.0 2.0 6.0 4.0 4.0 5.0 6.0 6.0 4.0 3.0 5.0 4.0 4.0 4.0 0.0 0.0 1.0 2.0 1.0 1.0 6.0 4.0 1.0 1.0 3.0 2.0 4.0
p411 5.0 4.0 3.0 6.0 4.0 0.0 5.0 5.0 0.0 6.0 2.0 3.0 1.0 1.0 4.0 1.0 4.0 0.0 2.0 1.0 4.0 2.0 3.0 1.0 1.0 3.0 0.0 1.0 4.0 4.0 3.0 5.0 3.0 3.0 1.0 1.0 4.0 1.0 6.0 0.0 5.0 0.0 5.0 5.0 4.0 2.0 0.0 0.0
p412 5.0 1.0 5.0 0.0 6.0 2.0 3.0 1.0 5.0 5.0 2.0 4.0 6.0 1.0 3.0 3.0 0.0 0.0 1.0 0.0 0.0 6.0 2.0 0.0 3.0 1.0 0.0 5.0 5.0 2.0 0.0 6.0 2.0 2.0 3.0 0.0 0.0 5.0 1.0 0.0 5.0 3.0 1.0 4.0 4.0 0.0 5.0 4.0
p413 3.0 0.0 0.0 3.0 2.0 0.0 1.0 6.0 3.0 2.0 5.0 2.0 4.0 4.0 5.0 6.0 0.0 1.0 1.0 5.0 2.0 0.0 2.0 0.0 2.0 4.0 0.0 0.0 0.0 4.0 5.0 5.0 0.0 1.0 6.0 0.0 4.0 4.0 5.0 4.0 1.0 5.0 0.0 2.0 6.0 0.0 0.0 5.0
p414 2.0 0.0 4.0 5.0 4.0 5.0 1.0 2.0 4.0 5.0 6.0 4.0 6.0 4.0 1.0 0.0 0.0 2.0 5.0 5.0 1.0 1.0 4.0 2.0 1.0 0.0 0.0 4.0 4.0 6.0 0.0 0.0 2.0 2.0 0.0 1.0 2.0 1.0 6.0 4.0 0.0 0.0 0.0 0.0 6.0 6.0 0.0 1.0
p415 4.0 3.0 1.0 5.0 6.0 5.0 0.0 6.0 6.0 6.0 4.0 3.0 1.0 6.0 3.0 4.0 1.0 1.0 1.0 1.0 2.0 5.0 6.0 1.0 4.0 3.0 1.0 6.0 5.0 3.0 4.0 1.0 6.0 5.0 2.0 3.0 0.0 5.0 5.0 5.0 1.0 4.0 5.0 5.0 2.0 3.0 1.0 5.0
p416 5.0 3.0 0.0 6.0 1.0 1.0 2.0 0.0 5.0 4.0 2.0 5.0 5.0 0.0 2.0 0.0 0.0 5.0 5.0 1.0 1.0 5.0 1.0 3.0 6.0 0.0 0.0 5.0 4.0 6.0 0.0 1.0 1.0 5.0 6.0 6.0 4.0 4.0 3.0 0.0 2.0 0.0 3.0 1.0 1.0 6.0 6.0 2.0
p417 5.0 1.0 4.0 4.0 3.0 2.0 1.0 5.0 4.0 5.0 3.0 1.0 6.0 4.0 4.0 4.0 5.0 2.0 6.0 5.0 0.0 4.0 2.0 6.0 2.0 5.0 4.0 1.0 3.0 1.0 1.0 6.0 5.0 3.0 1.0 3.0 5.0 6.0 6.0 3.0 6.0 3.0 0.0 5.0 6.0 0.0 3.0 5.0
p418 2.0 3.0 1.0 5.0 6.0 6.0 6.0 5.0 3.0 0.0 1.0 2.0 1.0 3.0 1.0 4.0 5.0 4.0 4.0 6.0 1.0 3.0 5.0 3.0 3.0 5.0 5.0 1.0 0.0 1.0 4.0 2.0 2.0 0.0 4.0 0.0 2.0 0.0 2.0 4.0 4.0 2.0 1.0 3.0 4.0 5.0 1.0 6.0
p419 2.0 2.0 1.0 2.0 0.0 4.0 1.0 3.0 1.0 6.0 5.0 0.0 3.0 2.0 4.0 3.0 0.0 6.0 1.0 4.0 5.0 5.0 3.0 3.0 4.0 6.0 5.0 3.0 1.0 3.0 3.0 3.0 6.0 0.0 3.0 0.0 5.0 4.0 6.0 6.0 2.0 3.0 3.0 5.0 6.0 4.0 6.0 0.0
p420 0.0 5.0 5.0 4.0 6.0 0.0 0.0 4.0 3.0 3.0 0.0 0.0 1.0 3.0 5.0 0.0 6.0 1.0 5.0 5.0 0.0 2.0 0.0 3.0 2.0 1.0 2.0 1.0 1.0 0.0 3.0 1.0 0.0 6.0 6.0 2.0 4.0 6.0 5.0 1.0 2.0 0.0 1.0 1.0 2.0 0.0 3.0 4.0
p421 6.0 2.0 1.0 5.0 0.0 2.0 2.0 4.0 3.0 4.0 5.0 1.0 5.0 2.0 6.0 0.0 0.0 6.0 4.0 0.0 1.0 1.0 1.0 3.0 0.0 2.0 3.0 6.0 3.0 2.0 1.0 0.0 2.0 5.0 2.0 4.0 1.0 3.0 2.0 3.0 2.0 2.0 1.0 3.0 2.0 2.0 2.0 3.0
p422 2.0 2.0 1.0 2.0 2.0 0.0 4.0 0.0 5.0 1.0 6.0 1.0 4.0 5.0 3.0 0.0 5.0 0.0 2.0 1.0 3.0 3.0 4.0 1.0 5.0 1.0 3.0 1.0 3.0 0.0 4.0 1.0 1.0 5.0 2.0 6.0 6.0 5.0 5.0 1.0 4.0 0.0 2.0 0.0 6.0 1.0 3.0 1.0
p423 2.0 1.0 6.0 3.0 4.0 6.0 0.0 5.0 0.0 0.0 2.0 6.0 0.0 3.0 3.0 1.0 6.0 4.0 5.0 4.0 1.0 5.0 6.0 2.0 6.0 2.0 4.0 4.0 4.0 6.0 2.0 2.0 0.0 6.0 1.0 5.0 3.0 4.0 3.0 3.0 1.0 3.0 3.0 4.0 0.0 2.0 2.0 1.0
p424 6.0 0.0 5.0 1.0 6.0 4.0 1.0 4.0 1.0 5.0 1.0 0.0 2.0 2.0 4.0 0.0 2.0 1.0 0.0 2.0 6.0 4.0 3.0 4.0 1.0 2.0 5.0 3.0 1.0 0.0 5.0 2.0 5.0 5.0 3.0 2.0 3.0 0.0 0.0 2.0 5.0 2.0 5.0 6.0 2.0 0.0 6.0 4.0
p425 0.0 2.0 2.0 4.0 2.0 4.0 0.0 0.0 0.0 0.0 3.0 5.0 5.0 5.0 6.0 1.0 2.0 0.0 1.0 1.0 0.0 1.0 0.0 6.0 2.0 2.0 1.0 1.0 6.0 5.0 0.0 3.0 2.0 2.0 5.0 1.0 1.0 1.0 1.0 6.0 0.0 1.0 1.0 3.0 0.0 3.0 1.0 0.0
p426 1.0 3.0 1.0 0.0 4.0 4.0 4.0 2.0 0.0 4.0 4.0 0.0 3.0 0.0 2.0 4.0 6.0 0.0 1.0 3.0 2.0 2.0 1.0 1.0 0.0 4.0 2.0 4.0 1.0 2.0 3.0 0.0 5.0 0.0 5.0 1.0 1.0 0.0 0.0 6.0 4.0 3.0 3.0 4.0 0.0 1.0 5.0 2.0
p427 4.0 5.0 5.0 5.0 5.0 6.0 4.0 1.0 6.0 2.0 0.0 4.0 4.0 5.0 2.0 0.0 4.0 2.0 2.0 5.0 2.0 3.0 2.0 4.0 3.0 3.0 1.0 3.0 2.0 0.0 1.0 6.0 5.0 2.0 0.0 6.0 6.0 1.0 1.0 6.0 5.0 2.0 0.0 3.0 5.0 6.0 6.0 2.0
p428 0.0 1.0 3.0 6.0 3.0 0.0 4.0 0.0 2.0 0.0 1.0 5.0 1.0 3.0 1.0 0.0 5.0 3.0 0.0 5.0 1.0 1.0 5.0 6.0 1.0 3.0 4.0 0.0 0.0 5.0 1.0 4.0 5.0 3.0 2.0 1.0 5.0 1.0 2.0 4.0 1.0 6.0 6.0 0.0 4.0 1.0 2.0 3.0
p429 1.0 6.0 0.0 1.0 3.0 6.0 2.0 5.0 3.0 3.0 1.0 3.0 0.0 5.0 1.0 4.0 1.0 4.0 1.0 5.0 1.0 3.0 0.0 0.0 1.0 0.0 6.0 3.0 6.0 2.0 3.0 3.0 3.0 1.0 6.0 4.0 1.0 2.0 6.0 1.0 0.0 2.0 5.0 1.0 2.0 3.0 0.0 3.0
p430 0.0 0.0 2.0 3.0 4.0 1.0 2.0 2.0 6.0 4.0 4.0 3.0 2.0 1.0 6.0 5.0 0.0 1.0 2.0 2.0 3.0 3.0 1.0 0.0 0.0 4.0 3.0 0.0 0.0 6.0 6.0 5.0 0.0 4.0 0.0 1.0 3.0 0.0 3.0 4.0 5.0 0.0 1.0 1.0 6.0 5.0 0.0 0.0
p431 3.0 0.0 4.0 4.0 4.0 1.0 4.0 3.0 4.0 1.0 4.0 4.0 3.0 6.0 0.0 6.0 6.0 1.0 5.0 2.0 5.0 0.0 5.0 4.0 2.0 3.0 1.0 4.0 2.0 3.0 3.0 5.0 4.0 3.0 0.0 1.0 0.0 4.0 3.0 1.0 3.0 3.0 5.0 2.0 6.0 0.0 4.0 2.0
p432 5.0 2.0 2.0 4.0 6.0 3.0 5.0 2.0 6.0 3.0 6.0 6.0 5.0 3.0 0.0 3.0 4.0 2.0 0.0 0.0 5.0 2.0 6.0 3.0 0.0 3.0 1.0 4.0 0.0 3.0 3.0 4.0 1.0 3.0 5.0 0.0 1.0 3.0 0.0 5.0 0.0 4.0 0.0 6.0 0.0 6.0 3.0 1.0
p433 1.0 3.0 0.0 3.0 3.0 1.0 4.0 1.0 4.0 3.0 6.0 6.0 6.0 4.0 2.0 0.0 4.0 2.0 2.0 6.0 2.0 6.0 1.0 2.0 1.0 3.0 3.0 6.0 4.0 5.0 3.0 4.0 3.0 5.0 3.0 2.0 2.0 3.0 2.0 0.0 4.0 3.0 4.0 3.0 1.0 0.0 3.0 0.0
p434 0.0 0.0 2.0 4.0 0.0 3.0 2.0 5.0 0.0 1.0 5.0 1.0 0.0 2.0 2.0 2.0 2.0 1.0 5.0 1.0 5.0 4.0 3.0 2.0 4.0 0.0 3.0 2.0 1.0 2.0 4.0 4.0 3.0 2.0 2.0 6.0 1.0 4.0 5.0 1.0 6.0 6.0 3.0 3.0 6.0 2.0 1.0 2.0
p435 4.0 3.0 3.0 6.0 2.0 2.0 6.0 0.0 4.0 5.0 4.0 3.0 2.0 4.0 4.0 2.0 0.0 1.0 5.0 2.0 5.0 2.0 6.0 3.0 4.0 6.0 3.0 3.0 3.0 4.0 3.0 3.0 5.0 3.0 4.0 3.0 2.0 1.0 6.0 5.0 2.0 4.0 5.0 1.0 3.0 2.0 3.0 0.0
p436 2.0 5.0 3.0 1.0 0.0 4.0 4.0 1.0 6.0 6.0 2.0 0.0 3.0 0.0 2.0 4.0 4.0 3.0 0.0 6.0 3.0 1.0 3.0 4.0 3.0 5.0 0.0 0.0 1.0 0.0 0.0 2.0 3.0 2.0 2.0 4.0 1.0 6.0 5.0 0.0 0.0 2.0 1.0 6.0 0.0 1.0 6.0 4.0
p437 6.0 0.0 5.0 4.0 1.0 2.0 3.0 0.0 2.0 0.0 2.0 1.0 5.0 6.0 2.0 6.0 3.0 6.0 3.0 5.0 2.0 2.0 2.0 1.0 3.0 5.0 0.0 6.0 4.0 3.0 5.0 4.0 0.0 1.0 3.0 0.0 2.0 6.0 1.0 6.0 2.0 5.0 4.0 2.0 0.0 1.0 3.0 5.0
p438 0.0 0.0 2.0 0.0 4.0 3.0 5.0 2.0 2.0 6.0 3.0 5.0 1.0 2.0 2.0 5.0 6.0 6.0 4.0 2.0 0.0 2.0 1.0 3.0 3.0 4.0 1.0 5.0 6.0 4.0 0.0 5.0 4.0 1.0 3.0 3.0 3.0 3.0 3.0 6.0 5.0 2.0 1.0 6.0 5.0 0.0 5.0 6.0
p439 2.0 2.0 0.0 0.0 5.0 4.0 5.0 6.0 2.0 1.0 6.0 4.0 0.0 0.0 2.0 4.0 0.0 0.0 6.0 4.0 5.0 0.0 6.0 5.0 0.0 0.0 6.0 0.0 1.0 1.0 2.0 6.0 4.0 6.0 0.0 5.0 2.0 0.0 3.0 2.0 4.0 5.0 1.0 6.0 6.0 5.0 0.0 4.0
p440 5.0 3.0 1.0 1.0 5.0 0.0 1.0 4.0 2.0 1.0 1.0 0.0 4.0 5.0 2.0 0.0 0.0 3.0 1.0 0.0 3.0 6.0 5.0 5.0 0.0 1.0 5.0 4.0 2.0 0.0 6.0 4.0 1.0 4.0 2.0 1.0 3.0 0.0 6.0 3.0 0.0 5.0 6.0 5.0 1.0 1.0 1.0 4.0
p441 4.0 4.0 2.0 6.0 4.0 2.0 5.0 4.0 0.0 1.0 5.0 1.0 5.0 5.0 6.0 2.0 2.0 2.0 1.0 5.0 2.0 4.0 3.0 0.0 4.0 1.0 4.0 5.0 1.0 1.0 5.0 6.0 0.0 4.0 3.0 2.0 5.0 0.0 1.0 1.0 3.0 1.0 1.0 2.0 1.0 2.0 1.0 0.0
p442 1.0 3.0 2.0 1.0 2.0 0.0 1.0 1.0 1.0 1.0 1.0 5.0 6.0 2.0 2.0 2.0 3.0 0.0 5.0 3.0 0.0 4.0 1.0 5.0 1.0 1.0 2.0 3.0 0.0 6.0 1.0 5.0 5.0 1.0 6.0 6.0 3.0 6.0 0.0 0.0 4.0 5.0 2.0 3.0 2.0 1.0 6.0 4.0
p443 6.0 0.0 0.0 6.0 3.0 1.0 6.0 5.0 3.0 3.0 4.0 6.0 4.0 6.0 5.0 2.0 6.0 4.0 5.0 0.0 2.0 5.0 0.0 0.0 4.0 0.0 3.0 3.0 5.0 5.0 1.0 3.0 0.0 5.0 1.0 0.0 3.0 4.0 1.0 0.0 2.0 1.0 0.0 6.0 1.0 2.0 5.0 0.0
p444 0.0 0.0 0.0 0.0 1.0 2.0 0.0 4.0 1.0 5.0 3.0 5.0 2.0 5.0 6.0 5.0 0.0 4.0 1.0 3.0 3.0 0.0 6.0 0.0 2.0 6.0 5.0 1.0 2.0 3.0 2.0 3.0 4.0 1.0 2.0 3.0 1.0 1.0 4.0 3.0 6.0 2.0 2.0 6.0 6.0 1.0 1.0 3.0
p445 2.0 6.0 4.0 5.0 1.0 3.0 3.0 4.0 4.0 4.0 2.0 3.0 6.0 1.0 3.0 4.0 2.0 0.0 1.0 4.0 1.0 4.0 3.0 4.0 6.0 3.0 3.0 3.0 1.0 6.0 6.0 1.0 0.0 3.0 3.0 1.0 5.0 3.0 0.0 4.0 2.0 0.0 2.0 5.0 1.0 3.0 1.0 4.0
p446 1.0 2.0 1.0 0.0 3.0 4.0 3.0 3.0 5.0 1.0 4.0 3.0 1.0 3.0 6.0 6.0 4.0 4.0 3.0 3.0 6.0 3.0 2.0 4.0 3.0 0.0 5.0 1.0 0.0 1.0 6.0 0.0 2.0 5.0 3.0 4.0 6.0 3.0 2.0 2.0 5.0 1.0 1.0 3.0 2.0 3.0 4.0 6.0
p447 2.0 2.0 2.0 4.0 3.0 2.0 2.0 0.0 2.0 5.0 2.0 0.0 3.0 2.0 0.0 0.0 3.0 6.0 2.0 6.0 1.0 1.0 3.0 1.0 3.0 6.0 6.0 6.0 0.0 1.0 3.0 6.0 6.0 0.0 0.0 5.0 0.0 0.0 1.0 0.0 0.0 3.0 0.0 4.0 4.0 4.0 0.0 1.0
p448 1.0 2.0 4.0 5.0 3.0 1.0 4.0 0.0 4.0 5.0 3.0 0.0 6.0 6.0 4.0 4.0 3.0 1.0 0.0 4.0 0.0 1.0 2.0 3.0 5.0 3.0 5.0 6.0 4.0 1.0 4.0 3.0 5.0 3.0 3.0 5.0 6.0 0.0 3.0 5.0 6.0 1.0 2.0 2.0 6.0 0.0 2.0 0.0
p449 4.0 2.0 2.0 3.0 3.0 4.0 3.0 3.0 1.0 2.0 0.0 6.0 0.0 0.0 4.0 5.0 0.0 6.0 5.0 0.0 2.0 6.0 3.0 1.0 5.0 5.0 4.0 5.0 0.0 2.0 5.0 5.0 0.0 5.0 3.0 3.0 4.0 3.0 1.0 6.0 2.0 3.0 6.0 6.0 1.0 1.0 5.0 0.0
p450 4.0 5.0 5.0 6.0 1.0 0.0 1.0 0.0 2.0 0.0 3.0 0.0 5.0 2.0 6.0 3.0 4.0 2.0 1.0 1.0 3.0 0.0 1.0 3.0 6.0 3.0 4.0 1.0 3.0 0.0 5.0 3.0 1.0 4.0 3.0 1.0 2.0 2.0 2.0 2.0 1.0 5.0 2.0 5.0 1.0 5.0 6.0 5.0
